0.938095
0
0.246435
0.510999
0.510999
0.510999
0
0
0.21764
0
0.179232
0
0
0
0.510999
0.510999
0.353117
0.0986503
0.510999
0.510999
0.510999
0
0.510999
0.182444
0.510999
0.510999
0
0
0.616029
0.736631
0.351407
0.938095
0
0.246435
0.510999
0.510999
0.510999
0
0
0.21764
0
0.179232
0
0
0
0.510999
0.510999
0.353117
0.0986503
0.510999
0.510999
0.510999
0
0.510999
0.182444
0.510999
0.510999
0
0
0.616029
0.736631
0.351407
0
0
0
0.510999
0
1.08227
0.510999
0.123259
0.510999
0.510999
0
0
0
0.0763211
0.510999
0.287839
1.27453
0.799453
0
0.613983
0
1.27453
1.07283
0
0
0.163606
0.327641
0.510999
0.247436
0.510999
0.216342
1.00058
0
0.510999
0.229925
0
0.631861
0
0
0
0
0.245495
0.581712
0.510999
0
0
0.510999
0.510999
0
0.510999
0
0.510999
0.199884
0.970557
0
0.312417
0
0.510999
0.313423
0.510999
0.889686
0
0.315751
0
0
0.213519
0
0
0.351726
0.510999
0.510999
0.510999
0.402866
0.247492
0.510999
0.510999
0.336643
0.510999
0
1.27453
0.510999
0
0.510999
0.298273
0
0.510999
0
0
0.510999
0.170778
0
0.510999
0.508075
0
0.510999
0
1.05974
0
0.285001
0.0587138
0
0.510999
0.623699
1.27453
0
0
0.204038
0.510999
0.510999
0
1.27453
0
1.27453
0
0
0.510999
0.510999
0
0.452658
0
0.510999
0
0
0
0
0
0.222278
0.620165
0
0
0.124764
0.510999
0.106665
0.510999
0.471582
0
0
0.255091
0
0.510999
0
1.27453
0.510999
0.235126
1.02115
0
1.10212
0.146042
0
0
0
0
0.537116
0.255928
0
0.282005
1.27453
0.510999
0.510999
0.510999
0
0
0.510999
0.123726
0.832713
0.341278
0.510999
0.510999
0.347739
0.510999
1.27453
0.215503
0.156028
0.0718509
0.510999
0
0.284183
0.0610288
0.713955
0.857236
0
0
0
0
1.27453
0.186824
0
0.510999
0
0.229437
0
0
0
0.268771
0
0.293535
0
0.510999
1.27453
0
0
0.864504
0
0
0
0.214902
0
0.409156
0
0
0.254762
0.197859
0
0
0.259978
0.510999
0.355567
0.928003
0.243437
1.27453
0.510999
0.196718
0.00901056
0
0.0712883
0
0.264727
0
0.309483
0
0.510999
0.510999
0.058288
0
0
0
0.510999
0
0
0.0132155
0.17882
0
0
0.510999
0.0388018
0.510999
0.335062
1.27452
1.27453
0
0.510999
1.00584
0
0
0.510999
0.17688
0.545559
1.27453
0
0.0331216
0.431305
0.165521
0.510999
0
0.510999
0.0677976
0
0.510999
0.510999
0.510999
1.13163
0.23335
1.27455
0.510999
0.510999
0
0
0.510999
0
0
1.27453
0
0
1.02137
1.27453
0
0
0.128009
0
0
0.575308
0.473773
0.204448
0
0.510999
0.105954
0.140827
0.510999
0.510999
0.510999
0.510999
0.510999
1.27453
0.459659
0.510999
0
0.152323
0.510999
0.0972911
0.510999
0.2298
0
0.510999
0
0.510999
0
0.490797
0.236417
0
0.178422
0.307042
0.510999
0.184047
1.27453
0.0311149
0
1.27454
0
0.510999
1.31863
0.288731
0
0.510999
0.539186
0.510999
0
0.136692
0.956044
0.510999
0
0.117081
0.510999
0.601303
0
0.510999
0
0
0
0
0.510999
0
0.24924
0
0.309055
0
0.1857
0
0
0
0
0.510999
0
1.08227
0.510999
0.123259
0.510999
0.510999
0
0
0
0.0763211
0.510999
0.287839
1.27453
0.799453
0
0.613983
0
1.27453
1.07283
0
0
0.163606
0.327641
0.510999
0.247436
0.510999
0.938095
0
0.246435
0.510999
0.510999
0.510999
0
0
0.21764
0
0.179232
0
0
0
0.510999
0.510999
0.353117
0.0986503
0.510999
0.510999
0.510999
0
0.510999
0.182444
0.510999
0.510999
0
0
0.616029
0.736631
0.351407
0
0
0
0.510999
0
1.08227
0.510999
0.123259
0.510999
0.510999
0
0
0
0.0763211
0.510999
0.287839
1.27453
0.799453
0
0.613983
0
1.27453
1.07283
0
0
0.163606
0.327641
0.510999
0.247436
0.510999
0.216342
1.00058
0
0.510999
0.229925
0
0.631861
0
0
0
0
0.245495
0.581712
0.510999
0
0
0.510999
0.510999
0
0.510999
0
0.510999
0.199884
0.970557
0
0.312417
0
0.510999
0.313423
0.510999
0.889686
0
0.315751
0
0
0.213519
0
0
0.351726
0.510999
0.510999
0.510999
0.402866
0.247492
0.510999
0.510999
0.336643
0.510999
0
1.27453
0.510999
0
0.510999
0.298273
0
0.510999
0
0
0.510999
0.170778
0
0.510999
0.508075
0
0.510999
0
1.05974
0
0.285001
0.0587138
0
0.510999
0.623699
1.27453
0
0
0.204038
0.510999
0.510999
0
1.27453
0
1.27453
0
0
0.510999
0.510999
0
0.452658
0
0.510999
0
0
0
0
0
0.222278
0.620165
0
0
0.124764
0.510999
0.106665
0.510999
0.471582
0
0
0.255091
0
0.510999
0
1.27453
0.510999
0.235126
1.02115
0
1.10212
0.146042
0
0
0
0
0.537116
0.255928
0
0.282005
1.27453
0.510999
0.510999
0.510999
0
0
0.510999
0.123726
0.832713
0.341278
0.510999
0.510999
0.347739
0.510999
1.27453
0.215503
0.156028
0.0718509
0.510999
0
0
0
0.284183
0.0610288
0.713955
0.857236
0
0
0
0
1.27453
0.186824
0
0.510999
0
0.229437
0
0
0
0.268771
0
0.293535
0
0.510999
1.27453
0
0
0.864504
0
0
0
0.214902
0
0.409156
0
0
0.254762
0.197859
0
0
0.259978
0.510999
0.355567
0.928003
0.243437
1.27453
0.510999
0.196718
0.00901056
0.510999
0
0
0
0.0712883
0
0.264727
0
0.309483
0
0.510999
0.510999
0.058288
0
0
0
0.510999
0
0
0.0132155
0.17882
0
0
0.510999
0.0388018
0.510999
0.335062
1.27452
1.27453
0
0.510999
1.00584
0
0
0.510999
0.17688
0.545559
1.27453
0
0.0331216
0.431305
0.165521
0.510999
0
0.510999
0.510999
0.510999
0.0677976
0
0.510999
0.510999
0.510999
1.13163
0.23335
1.27455
0.510999
0.510999
0
0
0.510999
0
0
1.27453
0
0
1.02137
1.27453
0
0
0.128009
0
0
0.575308
0.473773
0.204448
0
0.510999
0.105954
0.140827
0.510999
0.510999
0.510999
0.510999
0.510999
1.27453
0.459659
0.510999
0
0.152323
0.510999
0.0972911
0.510999
0.2298
0
0.510999
0
0.510999
0
0.490797
0.236417
0
0.178422
0.307042
0.510999
0.184047
1.27453
0.0311149
0
1.27454
0
0.510999
1.31863
0.288731
0
0.510999
0.539186
0.510999
0
0.136692
0.956044
0.510999
0
0.117081
0.510999
0.601303
0
0.510999
0
0
0
0
0.510999
0
0.24924
0
0.309055
0
0.1857
0
0.216342
1.00058
0
0.510999
0.229925
0
0.631861
0
0
0
0
0.245495
0.581712
0.510999
0
0
0.510999
0.510999
0
0.510999
0
0.510999
0.199884
0.970557
0
0.312417
0
0.510999
0.313423
0.510999
0.889686
0
0.315751
0.938095
0
0.246435
0.510999
0.510999
0.510999
0
0
0.21764
0
0.179232
0
0
0
0.510999
0.510999
0.353117
0.0986503
0.510999
0.510999
0.510999
0
0.510999
0.182444
0.510999
0.510999
0
0
0.616029
0.736631
0.351407
0
0
0
0.510999
0
1.08227
0.510999
0.123259
0.510999
0.510999
0
0
0
0.0763211
0.510999
0.287839
1.27453
0.799453
0
0.613983
0
1.27453
1.07283
0
0
0.163606
0.327641
0.510999
0.247436
0.216342
1.00058
0
0.510999
0.229925
0
0.631861
0
0
0
0
0.245495
0.581712
0.510999
0
0
0.510999
0.510999
0
0.510999
0
0.510999
0.199884
0.970557
0
0.312417
0
0.510999
0.313423
0.510999
0.889686
0
0.315751
0
0
0.213519
0
0
0.351726
0.510999
0.510999
0.510999
0.402866
0.247492
0.510999
0.510999
0.336643
0.510999
0
1.27453
0.510999
0
0.510999
0.298273
0
0.510999
0
0
0.510999
0.170778
0
0.510999
0.508075
0
0.510999
0
1.05974
0
0.285001
0.0587138
0
0.510999
0.623699
1.27453
0
0
0.204038
0.510999
0.510999
0
1.27453
0
1.27453
0
0
0.510999
0.510999
0
0.452658
0
0.510999
0
0
0
0
0
0.222278
0.620165
0
0
0.124764
0.510999
0.106665
0.510999
0.471582
0
0
0.255091
0
0.510999
0
1.27453
0.510999
0.235126
1.02115
0
1.10212
0.146042
0
0
0
0
0.537116
0.255928
0
0.282005
1.27453
0.510999
0.510999
0.510999
0
0
0.510999
0.123726
0.832713
0.341278
0.510999
0.510999
0.347739
0.510999
1.27453
0.215503
0.156028
0.0718509
0.510999
0
0.284183
0.0610288
0.713955
0.857236
0
0
0
0
1.27453
0.186824
0
0.510999
0
0.229437
0
0
0
0.268771
0
0.293535
0
0.510999
1.27453
0
0
0.864504
0
0
0
0.214902
0
0.409156
0
0
0.254762
0.197859
0
0
0.259978
0.510999
0.355567
0.928003
0.243437
1.27453
0.510999
0.196718
0.00901056
0.510999
0
0.0712883
0
0.264727
0
0.309483
0
0.510999
0.510999
0.058288
0
0
0
0.510999
0
0
0.0132155
0.17882
0
0
0.510999
0.0388018
0.510999
0.335062
1.27452
1.27453
0
0.510999
1.00584
0
0
0.510999
0.17688
0.545559
1.27453
0
0.0331216
0.431305
0.165521
0.510999
0.510999
0.0677976
0
0.510999
0.510999
0.510999
1.13163
0.23335
1.27455
0.510999
0.510999
0
0
0.510999
0
0
1.27453
0
0
1.02137
1.27453
0
0
0.128009
0
0
0.575308
0.473773
0.204448
0
0.510999
0.105954
0.140827
0.510999
0.510999
0.510999
0.510999
0.510999
1.27453
0.459659
0.510999
0
0.152323
0.510999
0.0972911
0.510999
0.2298
0
0
0.510999
0
0.490797
0.236417
0
0.178422
0.307042
0.510999
0.184047
1.27453
0.0311149
0
1.27454
0
0.510999
1.31863
0.288731
0
0.510999
0.539186
0.510999
0
0.136692
0.956044
0.510999
0
0.117081
0.510999
0.601303
0
0.510999
0
0
0
0
0.510999
0
0.24924
0
0.309055
0
0.1857
0
0
0
0.213519
0
0
0.351726
0.510999
0.510999
0.510999
0.402866
0.247492
0.510999
0.510999
0.336643
0.510999
0
1.27453
0.510999
0
0.510999
0.298273
0
0.510999
0
0
0.510999
0.170778
0
0.510999
0.508075
0
0.510999
0
1.05974
0
0.285001
0.0587138
0
0.510999
0.623699
0
0.938095
0
0.246435
0.510999
0.510999
0.510999
0
0
0.21764
0
0.179232
0
0
0
0.510999
0.510999
0.353117
0.0986503
0.510999
0.510999
0.510999
0
0.510999
0.182444
0.510999
0.510999
0
0
0.616029
0.736631
0.351407
0
0
0
0.510999
0
1.08227
0.510999
0.123259
0.510999
0.510999
0
0
0
0.0763211
0.510999
0.287839
1.27453
0.799453
0
0.613983
0
1.27453
1.07283
0
0
0.163606
0.327641
0.510999
0.247436
0.510999
0.216342
1.00058
0
0.510999
0.229925
0
0.631861
0
0
0
0
0.245495
0.581712
0.510999
0
0
0.510999
0.510999
0
0.510999
0
0.510999
0.199884
0.970557
0
0.312417
0
0.510999
0.313423
0.510999
0.889686
0
0.315751
0
0
0.213519
0
0
0.351726
0.510999
0.510999
0.510999
0.402866
0.247492
0.510999
0.510999
0.336643
0.510999
0
1.27453
0.510999
0
0.510999
0.298273
0
0.510999
0
0
0.510999
0.170778
0
0.510999
0.508075
0
0.510999
0
1.05974
0
0.285001
0.0587138
0
0.510999
0.623699
0
1.27453
0
0
0.204038
0.510999
0.510999
0
1.27453
0
1.27453
0
0
0.510999
0.510999
0
0.452658
0
0.510999
0
0
0
0
0
0.222278
0.620165
0
0
0.124764
0.510999
0.106665
0.510999
0
0.510999
0
1.27453
0.510999
0.235126
1.02115
0
1.10212
0.146042
0
0
0
0
0.537116
0.255928
0
0.282005
1.27453
0.510999
0.510999
0.510999
0
0
0.510999
0.123726
0.832713
0.341278
0.510999
0.510999
0.347739
0.510999
1.27453
0.215503
0.156028
0.0718509
0.510999
0
0
0
0.284183
0.0610288
0.713955
0.857236
0
0
0
0
1.27453
0.186824
0
0.510999
0
0.229437
0
0
0
0.268771
0
0.293535
0
0.510999
1.27453
0
0
0.864504
0
0
0
0.214902
0
0.409156
0
0
0.254762
0.197859
0
0
0.259978
0.510999
0.355567
0.928003
0.243437
1.27453
0.510999
0.196718
0.00901056
0
0.0712883
0
0.264727
0
0.309483
0
0.510999
0.510999
0.058288
0
0
0
0.510999
0
0
0.0132155
0.17882
0
0
0.510999
0.0388018
0.510999
0.335062
1.27452
1.27453
0
0.510999
1.00584
0
0
0.510999
0.17688
0.545559
1.27453
0
0.0331216
0.431305
0.165521
0.510999
0
0.510999
0.510999
0.510999
0.0677976
0
0.510999
0.510999
0.510999
1.13163
0.23335
1.27455
0.510999
0.510999
0
0
0.510999
0
0
1.27453
0
0
1.02137
1.27453
0
0
0.128009
0
0
0.575308
0.473773
0.204448
0
0.510999
0.105954
0.140827
0.510999
0.510999
0.510999
0.510999
0.510999
1.27453
0.459659
0.510999
0
0.152323
0.510999
0.0972911
0.510999
0.2298
0
0
0.510999
0
0.490797
0.236417
0
0.178422
0.307042
0.510999
0.184047
1.27453
0.0311149
0
1.27454
0
0.510999
1.31863
0.288731
0
0.510999
0.539186
0.510999
0
0.136692
0.956044
0.510999
0
0.117081
0.510999
0.601303
0
0.510999
0
0
0
0
0.510999
0
0.24924
0
0.309055
0
1.27453
0
0
0.204038
0.510999
0.510999
0
1.27453
0
1.27453
0
0
0.510999
0.510999
0
0.452658
0
0.510999
0
0
0
0
0
0.222278
0.620165
0
0
0.124764
0.510999
0.106665
0.510999
0.938095
0
0.246435
0.510999
0.510999
0.510999
0
0
0.21764
0
0.179232
0
0
0
0.510999
0.510999
0.353117
0.0986503
0.510999
0.510999
0.510999
0
0.510999
0.182444
0.510999
0.510999
0
0
0.616029
0.736631
0.351407
0
0
0
0.510999
0
1.08227
0.510999
0.123259
0.510999
0.510999
0
0
0
0.0763211
0.510999
0.287839
1.27453
0.799453
0
0.613983
0
1.27453
1.07283
0
0
0.163606
0.327641
0.510999
0.247436
0.510999
0.216342
1.00058
0
0.510999
0.229925
0
0.631861
0
0
0
0
0.245495
0.581712
0.510999
0
0
0.510999
0.510999
0
0.510999
0
0.510999
0.199884
0.970557
0
0.312417
0
0.510999
0.313423
0.510999
0.889686
0
0.315751
0
0
0.213519
0
0
0.351726
0.510999
0.510999
0.510999
0.402866
0.247492
0.510999
0.510999
0.336643
0.510999
0
1.27453
0.510999
0
0.510999
0.298273
0
0.510999
0
0
0.510999
0.170778
0
0.510999
0.508075
0
0.510999
0
1.05974
0
0.285001
0.0587138
0
0.510999
0.623699
1.27453
0
0
0.204038
0.510999
0.510999
0
1.27453
0
1.27453
0
0
0.510999
0.510999
0
0.452658
0
0.510999
0
0
0
0
0
0.222278
0.620165
0
0
0.124764
0.510999
0.106665
0
0.510999
0
1.27453
0.510999
0.235126
1.02115
0
1.10212
0.146042
0
0
0
0
0.537116
0.255928
0
0.282005
1.27453
0.510999
0.510999
0.510999
0
0
0.510999
0.123726
0.832713
0.341278
0.510999
0.510999
0.347739
0.510999
1.27453
0.215503
0.156028
0.0718509
0.510999
0.284183
0.0610288
0.713955
0.857236
0
0
0
0
1.27453
0.186824
0
0.510999
0
0.229437
0
0
0
0.268771
0
0.293535
0
0.510999
1.27453
0
0
0.864504
0
0
0
0.214902
0
0.409156
0
0
0.254762
0.197859
0
0
0.259978
0.510999
0.355567
0.928003
0.243437
1.27453
0.510999
0.196718
0.00901056
0.510999
0
0
0.0712883
0
0.264727
0
0.309483
0
0.510999
0.510999
0.058288
0
0
0
0.510999
0
0
0.0132155
0.17882
0
0
0.510999
0.0388018
0.510999
0.335062
1.27452
1.27453
0
0.510999
1.00584
0
0
0.510999
0.17688
0.545559
1.27453
0
0.0331216
0.431305
0.165521
0.510999
0.0677976
0
0.510999
0.510999
0.510999
1.13163
0.23335
1.27455
0.510999
0.510999
0
0
0.510999
0
0
1.27453
0
0
1.02137
1.27453
0
0
0.128009
0
0
0.575308
0.473773
0.204448
0
0.510999
0.105954
0.140827
0.510999
0.510999
0.510999
0.510999
0.510999
1.27453
0.459659
0.510999
0
0.152323
0.510999
0.0972911
0.510999
0.2298
0
0
0.510999
0
0.490797
0.236417
0
0.178422
0.307042
0.510999
0.184047
1.27453
0.0311149
0
1.27454
0
0.510999
1.31863
0.288731
0
0.510999
0.539186
0.510999
0
0.136692
0.956044
0.510999
0
0.117081
0.510999
0.601303
0
0.510999
0
0
0
0
0.510999
0
0.24924
0
0.309055
0
0.1857
0
0
0.510999
0
1.27453
0.510999
0.235126
1.02115
0
1.10212
0.146042
0
0
0
0
0.537116
0.255928
0
0.282005
1.27453
0.510999
0.510999
0.510999
0
0
0.510999
0.123726
0.832713
0.341278
0.510999
0.510999
0.347739
0.510999
1.27453
0.215503
0.156028
0.0718509
0.510999
0.938095
0
0.246435
0.510999
0.510999
0.510999
0
0
0.21764
0
0.179232
0
0
0
0.510999
0.510999
0.353117
0.0986503
0.510999
0.510999
0.510999
0
0.510999
0.182444
0.510999
0.510999
0
0
0.616029
0.736631
0.351407
0
0
0
0.510999
0
1.08227
0.510999
0.123259
0.510999
0.510999
0
0
0
0.0763211
0.510999
0.287839
1.27453
0.799453
0
0.613983
0
1.27453
1.07283
0
0
0.163606
0.327641
0.510999
0.247436
0.510999
0
0.216342
1.00058
0
0.510999
0.229925
0
0.631861
0
0
0
0
0.245495
0.581712
0.510999
0
0
0.510999
0.510999
0
0.510999
0
0.510999
0.199884
0.970557
0
0.312417
0
0.510999
0.313423
0.510999
0.889686
0
0.315751
0.179253
0
0
0.213519
0
0
0.351726
0.510999
0.510999
0.510999
0.402866
0.247492
0.510999
0.510999
0.336643
0.510999
0
1.27453
0.510999
0
0.510999
0.298273
0
0.510999
0
0
0.510999
0.170778
0
0.510999
0.508075
0
0.510999
0
1.05974
0
0.285001
0.0587138
0
0.510999
0.623699
0
1.27453
0
0
0.204038
0.510999
0.510999
0
1.27453
0
1.27453
0
0
0.510999
0.510999
0
0.452658
0
0.510999
0
0
0
0
0
0.222278
0.620165
0
0
0.124764
0.510999
0.106665
0.510999
0.471582
0
0
0.255091
0
0.510999
0
1.27453
0.510999
0.235126
1.02115
0
1.10212
0.146042
0
0
0
0
0.537116
0.255928
0
0.282005
1.27453
0.510999
0.510999
0.510999
0
0
0.510999
0.123726
0.832713
0.341278
0.510999
0.510999
0.347739
0.510999
1.27453
0.215503
0.156028
0.0718509
0.510999
0
0.284183
0.0610288
0.713955
0.857236
0
0
0
0
1.27453
0.186824
0
0.510999
0
0.229437
0
0
0
0.268771
0
0.293535
0
0.510999
1.27453
0
0
0.864504
0
0
0
0.214902
0
0.409156
0
0
0.254762
0.197859
0
0
0.259978
0.510999
0.355567
0.928003
0.243437
1.27453
0.510999
0.196718
0.00901056
0.510999
0
0
0.0712883
0
0.264727
0
0.309483
0
0.510999
0.510999
0.058288
0
0
0
0.510999
0
0
0.0132155
0.17882
0
0
0.510999
0.0388018
0.510999
0.335062
1.27452
1.27453
0
0.510999
1.00584
0
0
0.510999
0.17688
0.545559
1.27453
0
0.0331216
0.431305
0.165521
0.510999
0
0.510999
0.0677976
0
0.510999
0.510999
0.510999
1.13163
0.23335
1.27455
0.510999
0.510999
0
0
0.510999
0
0
1.27453
0
0
1.02137
1.27453
0
0
0.128009
0
0
0.575308
0.473773
0.204448
0
0.510999
0.105954
0.140827
0.510999
0.510999
0.510999
0.510999
0.510999
1.27453
0.459659
0.510999
0
0.152323
0.510999
0.0972911
0.510999
0.2298
0
0.510999
0
0.510999
0
0.490797
0.236417
0
0.178422
0.307042
0.510999
0.184047
1.27453
0.0311149
0
1.27454
0
0.510999
1.31863
0.288731
0
0.510999
0.539186
0.510999
0
0.136692
0.956044
0.510999
0
0.117081
0.510999
0.601303
0
0.510999
0
0
0
0
0.510999
0
0.24924
0
0.309055
0.284183
0.0610288
0.713955
0.857236
0
0
0
0
1.27453
0.186824
0
0.510999
0
0.229437
0
0
0
0.268771
0
0.293535
0
0.510999
1.27453
0
0
0.864504
0
0
0
0.214902
0
0.409156
0
0
0.254762
0.197859
0
0
0.259978
0.510999
0.355567
0.928003
0.243437
1.27453
0.510999
0.196718
0.00901056
0.938095
0
0.246435
0.510999
0.510999
0.510999
0
0
0.21764
0
0.179232
0
0
0
0.510999
0.510999
0.353117
0.0986503
0.510999
0.510999
0.510999
0
0.510999
0.182444
0.510999
0.510999
0
0
0.616029
0.736631
0.351407
0
0
0
0.510999
0
1.08227
0.510999
0.123259
0.510999
0.510999
0
0
0
0.0763211
0.510999
0.287839
1.27453
0.799453
0
0.613983
0
1.27453
1.07283
0
0
0.163606
0.327641
0.510999
0.247436
0.510999
0
0.216342
1.00058
0
0.510999
0.229925
0
0.631861
0
0
0
0
0.245495
0.581712
0.510999
0
0
0.510999
0.510999
0
0.510999
0
0.510999
0.199884
0.970557
0
0.312417
0
0.510999
0.313423
0.510999
0.889686
0
0
0.213519
0
0
0.351726
0.510999
0.510999
0.510999
0.402866
0.247492
0.510999
0.510999
0.336643
0.510999
0
1.27453
0.510999
0
0.510999
0.298273
0
0.510999
0
0
0.510999
0.170778
0
0.510999
0.508075
0
0.510999
0
1.05974
0
0.285001
0.0587138
0
0.510999
0.623699
0
1.27453
0
0
0.204038
0.510999
0.510999
0
1.27453
0
1.27453
0
0
0.510999
0.510999
0
0.452658
0
0.510999
0
0
0
0
0
0.222278
0.620165
0
0
0.124764
0.510999
0.106665
0.510999
0
0.510999
0
1.27453
0.510999
0.235126
1.02115
0
1.10212
0.146042
0
0
0
0
0.537116
0.255928
0
0.282005
1.27453
0.510999
0.510999
0.510999
0
0
0.510999
0.123726
0.832713
0.341278
0.510999
0.510999
0.347739
0.510999
1.27453
0.215503
0.156028
0.0718509
0.510999
0.284183
0.0610288
0.713955
0.857236
0
0
0
0
1.27453
0.186824
0
0.510999
0
0.229437
0
0
0
0.268771
0
0.293535
0
0.510999
1.27453
0
0
0.864504
0
0
0
0.214902
0
0.409156
0
0
0.254762
0.197859
0
0
0.259978
0.510999
0.355567
0.928003
0.243437
1.27453
0.510999
0.196718
0.00901056
0
0.0712883
0
0.264727
0
0.309483
0
0.510999
0.510999
0.058288
0
0
0
0.510999
0
0
0.0132155
0.17882
0
0
0.510999
0.0388018
0.510999
0.335062
1.27452
1.27453
0
0.510999
1.00584
0
0
0.510999
0.17688
0.545559
1.27453
0
0.0331216
0.431305
0.165521
0.510999
0.0677976
0
0.510999
0.510999
0.510999
1.13163
0.23335
1.27455
0.510999
0.510999
0
0
0.510999
0
0
1.27453
0
0
1.02137
1.27453
0
0
0.128009
0
0
0.575308
0.473773
0.204448
0
0.510999
0.105954
0.140827
0.510999
0.510999
0.510999
0.510999
0.510999
1.27453
0.459659
0.510999
0
0.152323
0.510999
0.0972911
0.510999
0.2298
0
0.510999
0
0.510999
0
0.490797
0.236417
0
0.178422
0.307042
0.510999
0.184047
1.27453
0.0311149
0
1.27454
0
0.510999
1.31863
0.288731
0
0.510999
0.539186
0.510999
0
0.136692
0.956044
0.510999
0
0.117081
0.510999
0.601303
0
0.510999
0
0
0
0
0.510999
0
0.24924
0
0.309055
0
0
0.0712883
0
0.264727
0
0.309483
0
0.510999
0.510999
0.058288
0
0
0
0.510999
0
0
0.0132155
0.17882
0
0
0.510999
0.0388018
0.510999
0.335062
1.27452
1.27453
0
0.510999
1.00584
0
0
0.510999
0.17688
0.545559
1.27453
0
0.0331216
0.431305
0.165521
0.938095
0
0.246435
0.510999
0.510999
0.510999
0
0
0.21764
0
0.179232
0
0
0
0.510999
0.510999
0.353117
0.0986503
0.510999
0.510999
0.510999
0
0.510999
0.182444
0.510999
0.510999
0
0
0.616029
0.736631
0.351407
0
0
0
0.510999
0
1.08227
0.510999
0.123259
0.510999
0.510999
0
0
0
0.0763211
0.510999
0.287839
1.27453
0.799453
0
0.613983
0
1.27453
1.07283
0
0
0.163606
0.327641
0.510999
0.247436
0.510999
0
0.216342
1.00058
0
0.510999
0.229925
0
0.631861
0
0
0
0
0.245495
0.581712
0.510999
0
0
0.510999
0.510999
0
0.510999
0
0.510999
0.199884
0.970557
0
0.312417
0
0.510999
0.313423
0.510999
0.889686
0
0
0
0.213519
0
0
0.351726
0.510999
0.510999
0.510999
0.402866
0.247492
0.510999
0.510999
0.336643
0.510999
0
1.27453
0.510999
0
0.510999
0.298273
0
0.510999
0
0
0.510999
0.170778
0
0.510999
0.508075
0
0.510999
0
1.05974
0
0.285001
0.0587138
0
0.510999
0.623699
0
1.27453
0
0
0.204038
0.510999
0.510999
0
1.27453
0
1.27453
0
0
0.510999
0.510999
0
0.452658
0
0.510999
0
0
0
0
0
0.222278
0.620165
0
0
0.124764
0
0.510999
0
1.27453
0.510999
0.235126
1.02115
0
1.10212
0.146042
0
0
0
0
0.537116
0.255928
0
0.282005
1.27453
0.510999
0.510999
0.510999
0
0
0.510999
0.123726
0.832713
0.341278
0.510999
0.510999
0.347739
0.510999
1.27453
0.215503
0.156028
0.0718509
0.510999
0
0.284183
0.0610288
0.713955
0.857236
0
0
0
0
1.27453
0.186824
0
0.510999
0
0.229437
0
0
0
0.268771
0
0.293535
0
0.510999
1.27453
0
0
0.864504
0
0
0
0.214902
0
0.409156
0
0
0.254762
0.197859
0
0
0.259978
0.510999
0.355567
0.928003
0.243437
1.27453
0.510999
0.196718
0.00901056
0
0.0712883
0
0.264727
0
0.309483
0
0.510999
0.510999
0.058288
0
0
0
0.510999
0
0
0.0132155
0.17882
0
0
0.510999
0.0388018
0.510999
0.335062
1.27452
1.27453
0
0.510999
1.00584
0
0
0.510999
0.17688
0.545559
1.27453
0
0.0331216
0.431305
0.165521
0.510999
0.0677976
0
0.510999
0.510999
0.510999
1.13163
0.23335
1.27455
0.510999
0.510999
0
0
0.510999
0
0
1.27453
0
0
1.02137
1.27453
0
0
0.128009
0
0
0.575308
0.473773
0.204448
0
0.510999
0.105954
0.140827
0.510999
0.510999
0.510999
0.510999
0.510999
1.27453
0.459659
0.510999
0
0.152323
0.510999
0.0972911
0.510999
0.2298
0
0
0.510999
0
0.490797
0.236417
0
0.178422
0.307042
0.510999
0.184047
1.27453
0.0311149
0
1.27454
0
0.510999
1.31863
0.288731
0
0.510999
0.539186
0.510999
0
0.136692
0.956044
0.510999
0
0.117081
0.510999
0.601303
0
0.510999
0
0
0
0
0.510999
0
0.24924
0
0.309055
0
0.1857
0
0.510999
0.510999
0.0677976
0
0.510999
0.510999
0.510999
1.13163
0.23335
1.27455
0.510999
0.510999
0
0
0.510999
0
0
1.27453
0
0
1.02137
1.27453
0
0
0.128009
0
0
0.575308
0.473773
0.204448
0
0.510999
0.105954
0.140827
0.510999
0.510999
0.510999
0.510999
0.510999
1.27453
0.459659
0.510999
0
0.152323
0.510999
0.0972911
0.510999
0.2298
0
0.938095
0
0.246435
0.510999
0.510999
0.510999
0
0
0.21764
0
0.179232
0
0
0
0.510999
0.510999
0.353117
0.0986503
0.510999
0.510999
0.510999
0
0.510999
0.182444
0.510999
0.510999
0
0
0.616029
0.736631
0.351407
0
0
0
0.510999
0
1.08227
0.510999
0.123259
0.510999
0.510999
0
0
0
0.0763211
0.510999
0.287839
1.27453
0.799453
0
0.613983
0
1.27453
1.07283
0
0
0.163606
0.327641
0.510999
0.247436
0.216342
1.00058
0
0.510999
0.229925
0
0.631861
0
0
0
0
0.245495
0.581712
0.510999
0
0
0.510999
0.510999
0
0.510999
0
0.510999
0.199884
0.970557
0
0.312417
0
0.510999
0.313423
0.510999
0.889686
0
0.315751
0.179253
0
0
0.213519
0
0
0.351726
0.510999
0.510999
0.510999
0.402866
0.247492
0.510999
0.510999
0.336643
0.510999
0
1.27453
0.510999
0
0.510999
0.298273
0
0.510999
0
0
0.510999
0.170778
0
0.510999
0.508075
0
0.510999
0
1.05974
0
0.285001
0.0587138
0
0.510999
0.623699
0
1.27453
0
0
0.204038
0.510999
0.510999
0
1.27453
0
1.27453
0
0
0.510999
0.510999
0
0.452658
0
0.510999
0
0
0
0
0
0.222278
0.620165
0
0
0.124764
0.510999
0.106665
0.510999
0.471582
0
0
0.255091
0
0.510999
0
1.27453
0.510999
0.235126
1.02115
0
1.10212
0.146042
0
0
0
0
0.537116
0.255928
0
0.282005
1.27453
0.510999
0.510999
0.510999
0
0
0.510999
0.123726
0.832713
0.341278
0.510999
0.510999
0.347739
0.510999
1.27453
0.215503
0.156028
0.0718509
0.510999
0.284183
0.0610288
0.713955
0.857236
0
0
0
0
1.27453
0.186824
0
0.510999
0
0.229437
0
0
0
0.268771
0
0.293535
0
0.510999
1.27453
0
0
0.864504
0
0
0
0.214902
0
0.409156
0
0
0.254762
0.197859
0
0
0.259978
0.510999
0.355567
0.928003
0.243437
1.27453
0.510999
0.196718
0.00901056
0
0.0712883
0
0.264727
0
0.309483
0
0.510999
0.510999
0.058288
0
0
0
0.510999
0
0
0.0132155
0.17882
0
0
0.510999
0.0388018
0.510999
0.335062
1.27452
1.27453
0
0.510999
1.00584
0
0
0.510999
0.17688
0.545559
1.27453
0
0.0331216
0.431305
0.165521
0.510999
0.0677976
0
0.510999
0.510999
0.510999
1.13163
0.23335
1.27455
0.510999
0.510999
0
0
0.510999
0
0
1.27453
0
0
1.02137
1.27453
0
0
0.128009
0
0
0.575308
0.473773
0.204448
0
0.510999
0.105954
0.140827
0.510999
0.510999
0.510999
0.510999
0.510999
1.27453
0.459659
0.510999
0
0.152323
0.510999
0.0972911
0.510999
0.2298
0
0
0.510999
0
0.490797
0.236417
0
0.178422
0.307042
0.510999
0.184047
1.27453
0.0311149
0
1.27454
0
0.510999
1.31863
0.288731
0
0.510999
0.539186
0.510999
0
0.136692
0.956044
0.510999
0
0.117081
0.510999
0.601303
0
0.510999
0
0
0
0
0.510999
0
0.24924
0
0.309055
0
0.1857
0
0
0.510999
0
0.490797
0.236417
0
0.178422
0.307042
0.510999
0.184047
1.27453
0.0311149
0
1.27454
0
0.510999
1.31863
0.288731
0
0.510999
0.539186
0.510999
0
0.136692
0.956044
0.510999
0
0.117081
0.510999
0.601303
0
0.510999
0
0
0
0
0.510999
0
0.24924
0
0.309055
0
