0.510999
0.29356
0.228638
0
0.236049
1.27453
0
0.294312
0.202321
0.510999
0
0.0194103
0
0.510999
0
0
0.312211
0.165848
1.27453
0.117408
0
0.712545
1.02016
0.356863
0
0
0
1.27453
0.327237
0
0.510999
0
0.20132
0.510999
0
0.510999
0
0.510999
1.27453
0
0.510999
0.29356
0.228638
0
0.236049
1.27453
0
0.294312
0.202321
0.510999
0
0.0194103
0
0.510999
0
0
0.312211
0.165848
1.27453
0.117408
0
0.712545
1.02016
0.356863
0
0
0
1.27453
0.327237
0
0.510999
0
0.20132
0.510999
0
0.510999
0
0.510999
1.27453
0
1.07117
0.29339
0
0.777404
0.0192084
0.510999
0.234449
0
0.609064
0.510999
1.27453
0
0
0
1.27453
0.510999
0.329025
0.408234
0
0.510999
0.510999
0.510999
1.27453
1.27454
0
0
0.235276
0.0172841
0
0.510999
0
0.361084
0.510999
0.510999
1.27453
0.217289
0.141766
0
0
0
0
0
1.27453
0.510999
0.510999
0.793929
0
0.510999
0.056125
0.510999
0.546247
0.510999
0
1.27453
0.510999
0.483355
0
0.510999
0
0.510999
0.902116
0.43693
1.27453
0.253848
0.227717
0
0.0768849
0.510999
0
0.510999
0.537451
0.0780449
1.27455
0
0.510999
0
1.27453
0
1.27453
0.904434
0
0.510999
0.510999
0
0.952027
0.298488
0
0.510999
0.677618
0.510999
0
0.510999
1.27453
0
0
0.139435
0.510999
0
0
1.27453
0
0.510999
0.800654
0
0
0
0.259281
0.510999
0
0.510999
0.510999
0.510999
0.510999
0.239131
0.510999
0.981267
1.27451
0.510999
0
0.261775
0.688279
0
0.510999
0.510999
0.367593
0
0
0.210151
0
0
0
0.510999
0.194953
0
0
0
0.510999
0
0.787727
0.361296
0
0
0
0.332553
0
0.510999
0.238175
0.350884
0.170633
0.145201
0.0477394
0.709953
0
0
0
0.104945
0
0
0.445663
0.29477
0
0
0.364891
0
0.172426
0
0
0.510999
0
0.510999
0.510999
0
0.313013
0.510999
0.667731
0.727144
0.305027
0.0666888
0.510999
0
0.140833
1.27453
0
0.510999
0
0
0
0.188552
0
0
0
0.510999
0
0
0.510999
0.626124
0.510999
0
0.188818
0.510999
0.116421
0.416653
1.27456
0.21748
0.226848
0.510999
0.362312
0.510999
0.510999
0.369891
1.27453
0
0.352137
0.14653
0.506027
0.359733
0
0.932995
0
0
0
0
1.27453
0
0
0
1.27453
0.510999
0.510999
0.327644
0
0.117435
0.510999
0.274995
1.27455
0.179026
0.510999
0
0
0.510999
0.510999
0
0.510999
0.510999
0.510999
0
0.729439
0.510999
0.324655
0.510999
0
0.510999
0
0.185748
0.763019
0.561647
0.341115
0.100341
1.27452
0
0
0.510999
0.510999
0.510999
1.02386
0.323452
0.510999
0
0
0
0.326411
0
0.243802
0
0.510999
0.510999
0.291745
0.510999
0
0.510999
0
0
0.510999
0.510999
0
0
0.24507
0.547178
0
0
0.291267
0.0155768
0.510999
0
0
0
0.510999
0
0.429644
0
0
0
0.41011
1.27453
0.637927
0.224554
0.510999
0.510999
0.334864
0.280778
0.0767661
0.323855
0
0.510999
0
0
0.126307
0
1.27453
0
0.44699
0.510999
0.510999
0.510999
0.25532
0
0.290087
0.510999
0.267052
1.27453
0.510999
0.510999
0.278433
0
0.244943
0.510999
0
0
0.10464
0
0.510999
0.510999
0
1.27453
0
0.281639
0
0
0
0
1.27453
0.657646
0.671346
0.235708
0
0.0862911
0
1.27453
0.510999
0
0
0
0.510999
0.529719
0
1.78553
0
0.510999
0.0041013
0
0.456001
1.57624
0
1.27453
0.0372099
0
0.259805
0.510999
0.282163
0.510999
0
0
0
0.244554
0.258004
1.07117
0.29339
0
0.777404
0.0192084
0.510999
0.234449
0
0.609064
0.510999
1.27453
0
0
0
1.27453
0.510999
0.329025
0.408234
0
0.510999
0.510999
0.510999
1.27453
1.27454
0
0
0.235276
0.0172841
0
0.510999
0
0.361084
0.510999
0.510999
1.27453
0.217289
0.510999
0.29356
0.228638
0
0.236049
1.27453
0
0.294312
0.202321
0.510999
0
0.0194103
0
0.510999
0
0
0.312211
0.165848
1.27453
0.117408
0
0.712545
1.02016
0.356863
0
0
0
1.27453
0.327237
0
0.510999
0
0.20132
0.510999
0
0.510999
0
0.510999
1.27453
0
0
1.07117
0.29339
0
0.777404
0.0192084
0.510999
0.234449
0
0.609064
0.510999
1.27453
0
0
0
1.27453
0.510999
0.329025
0.408234
0
0.510999
0.510999
0.510999
1.27453
1.27454
0
0
0.235276
0.0172841
0
0.510999
0
0.361084
0.510999
0.510999
1.27453
0.217289
0.141766
0
0
0
0
0
1.27453
0.510999
0.510999
0.793929
0
0.510999
0.056125
0.510999
0.546247
0.510999
0
1.27453
0.510999
0.483355
0
0.510999
0
0.510999
0.902116
0.43693
1.27453
0.253848
0.227717
0
0.0768849
0.510999
0
0.510999
0.537451
0.0780449
1.27455
0
0.510999
0
1.27453
0
1.27453
0.904434
0
0.510999
0.510999
0
0.952027
0.298488
0
0.510999
0.677618
0.510999
0
0.510999
1.27453
0
0
0.139435
0.510999
0
0
1.27453
0
0.510999
0.800654
0
0
0
0.259281
0.510999
0
0.510999
0.510999
0.510999
0.510999
0.239131
0.510999
0.981267
1.27451
0.510999
0
0.261775
0.688279
0
0.510999
0.510999
0.367593
0
0
0.210151
0
0
0
0.510999
0.194953
0
0
0
0.510999
0
0.787727
0.361296
0
0
0
0.332553
0
0.510999
0.238175
0.350884
0.170633
0.145201
0.0477394
0.709953
0
0
0
0.104945
0
0
0.445663
0.29477
0
0
0.364891
0
0.172426
0
0
0.510999
0
0.510999
0.510999
0
0.313013
0.510999
0.667731
0.727144
0.305027
0.0666888
0.510999
0
0.140833
1.27453
0
0.510999
0
0
0
0.188552
0
0
0
0.510999
0
0
0.510999
0.626124
0.510999
0
0.188818
0.510999
0.116421
0.416653
1.27456
0.21748
0.226848
0.510999
0.362312
0.510999
0.510999
0.369891
1.27453
0
0.352137
0.14653
0.506027
0.510999
0.337861
0.510999
0.359733
0
0.932995
0
0
0
0
1.27453
0
0
0
1.27453
0.510999
0.510999
0.327644
0
0.117435
0.510999
0.274995
1.27455
0.179026
0.510999
0
0
0.510999
0.510999
0
0.510999
0.510999
0.510999
0
0.729439
0.510999
0.324655
0.510999
0
0.510999
0
0.185748
0.763019
0.561647
0.341115
0.100341
1.27452
0
0
0.510999
0.510999
0.510999
1.02386
0.323452
0.510999
0.287719
0.510999
0.20344
0.00279579
0.510999
0
0
0
0.326411
0
0.243802
0
0.510999
0.510999
0.291745
0.510999
0
0.510999
0
0
0.510999
0.510999
0
0
0.24507
0.547178
0
0
0.291267
0.0155768
0.510999
0
0
0
0.510999
0
0.429644
0
0
0
0.41011
1.27453
0.637927
0.222106
0.642319
0.219592
0.224554
0.510999
0.510999
0.334864
0.280778
0.0767661
0.323855
0
0.510999
0
0
0.126307
0
1.27453
0
0.44699
0.510999
0.510999
0.510999
0.25532
0
0.290087
0.510999
0.267052
1.27453
0.510999
0.510999
0.278433
0
0.244943
0.510999
0
0
0.10464
0
0.510999
0.510999
0
1.27453
0
0.281639
0
0
0
0
1.27453
0.657646
0.671346
0.235708
0
0.0862911
0
1.27453
0.510999
0
0
0
0.510999
0.529719
0
1.78553
0
0.510999
0.0041013
0
0.456001
1.57624
0
1.27453
0.0372099
0
0.259805
0.510999
0.282163
0.510999
0
0
0
0.244554
0.258004
0.141766
0
0
0
0
0
1.27453
0.510999
0.510999
0.793929
0
0.510999
0.056125
0.510999
0.546247
0.510999
0
1.27453
0.510999
0.483355
0
0.510999
0
0.510999
0.902116
0.43693
1.27453
0.253848
0.227717
0
0.0768849
0.510999
0
0.510999
0.537451
0.0780449
1.27455
0
0.510999
0
0.510999
0.29356
0.228638
0
0.236049
1.27453
0
0.294312
0.202321
0.510999
0
0.0194103
0
0.510999
0
0
0.312211
0.165848
1.27453
0.117408
0
0.712545
1.02016
0.356863
0
0
0
1.27453
0.327237
0
0.510999
0
0.20132
0.510999
0
0.510999
0
0.510999
1.27453
0
1.07117
0.29339
0
0.777404
0.0192084
0.510999
0.234449
0
0.609064
0.510999
1.27453
0
0
0
1.27453
0.510999
0.329025
0.408234
0
0.510999
0.510999
0.510999
1.27453
1.27454
0
0
0.235276
0.0172841
0
0.510999
0
0.361084
0.510999
0.510999
1.27453
0.217289
0.141766
0
0
0
0
0
1.27453
0.510999
0.510999
0.793929
0
0.510999
0.056125
0.510999
0.546247
0.510999
0
1.27453
0.510999
0.483355
0
0.510999
0
0.510999
0.902116
0.43693
1.27453
0.253848
0.227717
0
0.0768849
0.510999
0
0.510999
0.537451
0.0780449
1.27455
0
0.510999
0
1.27453
0
1.27453
0.904434
0
0.510999
0.510999
0
0.952027
0.298488
0
0.510999
0.677618
0.510999
0
0.510999
1.27453
0
0
0.139435
0.510999
0
0
1.27453
0
0.510999
0.800654
0
0
0
0.259281
0.510999
0
0.510999
0.510999
0.510999
0.510999
0.239131
0.510999
0.981267
1.27451
0.510999
0
0.261775
0.688279
0
0.510999
0.510999
0.367593
0
0
0.210151
0
0
0
0.510999
0.194953
0
0
0
0.510999
0
0.787727
0.361296
0
0
0
0.332553
0
0.510999
0.238175
0.350884
0.170633
0.145201
0.0477394
0.709953
0
0
0
0.104945
0
0
0.445663
0.29477
0
0
0.364891
0
0.510999
0
0.510999
0.510999
0
0.313013
0.510999
0.667731
0.727144
0.305027
0.0666888
0.510999
0
0.140833
1.27453
0
0.510999
0
0
0
0.188552
0
0
0
0.510999
0
0
0.510999
0.626124
0.510999
0
0.188818
0.510999
0.116421
0.416653
1.27456
0.21748
0.226848
0.510999
0.362312
0.510999
0.510999
0.369891
1.27453
0
0.352137
0.359733
0
0.932995
0
0
0
0
1.27453
0
0
0
1.27453
0.510999
0.510999
0.327644
0
0.117435
0.510999
0.274995
1.27455
0.179026
0.510999
0
0
0.510999
0.510999
0
0.510999
0.510999
0.510999
0
0.729439
0.510999
0.324655
0.510999
0
0.510999
0
0.185748
0.763019
0.561647
0.341115
0.100341
1.27452
0
0
0.510999
0.510999
0.510999
1.02386
0.323452
0.510999
0.287719
0.510999
0
0
0
0.326411
0
0.243802
0
0.510999
0.510999
0.291745
0.510999
0
0.510999
0
0
0.510999
0.510999
0
0
0.24507
0.547178
0
0
0.291267
0.0155768
0.510999
0
0
0
0.510999
0
0.429644
0
0
0
0.41011
1.27453
0.637927
0.224554
0.510999
0.510999
0.334864
0.280778
0.0767661
0.323855
0
0.510999
0
0
0.126307
0
1.27453
0
0.44699
0.510999
0.510999
0.510999
0.25532
0
0.290087
0.510999
0.267052
1.27453
0.510999
0.510999
0.278433
0
0.244943
0.510999
0
0
0.10464
0
0.510999
0.510999
0
1.27453
0
0.281639
0
0
0
1.27453
0.657646
0.671346
0.235708
0
0.0862911
0
1.27453
0.510999
0
0
0
0.510999
0.529719
0
1.78553
0
0.510999
0.0041013
0
0.456001
1.57624
0
1.27453
0.0372099
0
0.259805
0.510999
0.282163
0.510999
0
0
0
0.244554
0.258004
1.27453
0
1.27453
0.904434
0
0.510999
0.510999
0
0.952027
0.298488
0
0.510999
0.677618
0.510999
0
0.510999
1.27453
0
0
0.139435
0.510999
0
0
1.27453
0
0.510999
0.800654
0
0
0
0.259281
0.510999
0
0.510999
0.510999
0.510999
0.510999
0.239131
0.510999
0.981267
0.510999
0.29356
0.228638
0
0.236049
1.27453
0
0.294312
0.202321
0.510999
0
0.0194103
0
0.510999
0
0
0.312211
0.165848
1.27453
0.117408
0
0.712545
1.02016
0.356863
0
0
0
1.27453
0.327237
0
0.510999
0
0.20132
0.510999
0
0.510999
0
0.510999
1.27453
0
1.07117
0.29339
0
0.777404
0.0192084
0.510999
0.234449
0
0.609064
0.510999
1.27453
0
0
0
1.27453
0.510999
0.329025
0.408234
0
0.510999
0.510999
0.510999
1.27453
1.27454
0
0
0.235276
0.0172841
0
0.510999
0
0.361084
0.510999
0.510999
1.27453
0.217289
0.141766
0
0
0
0
0
1.27453
0.510999
0.510999
0.793929
0
0.510999
0.056125
0.510999
0.546247
0.510999
0
1.27453
0.510999
0.483355
0
0.510999
0
0.510999
0.902116
0.43693
1.27453
0.253848
0.227717
0
0.0768849
0.510999
0
0.510999
0.537451
0.0780449
1.27455
0
1.27453
0
1.27453
0.904434
0
0.510999
0.510999
0
0.952027
0.298488
0
0.510999
0.677618
0.510999
0
0.510999
1.27453
0
0
0.139435
0.510999
0
0
1.27453
0
0.510999
0.800654
0
0
0
0.259281
0.510999
0
0.510999
0.510999
0.510999
0.510999
0.239131
0.510999
0.981267
0.510999
1.27451
0.510999
0
0.261775
0.688279
0
0.510999
0.510999
0.367593
0
0
0.210151
0
0
0
0.510999
0.194953
0
0
0
0.510999
0
0.787727
0.361296
0
0
0
0.332553
0
0.510999
0.238175
0.350884
0.170633
0.145201
0.0477394
0.709953
0
0
0
0.104945
0
0
0.445663
0.29477
0
0
0.510999
0
0.510999
0.510999
0
0.313013
0.510999
0.667731
0.727144
0.305027
0.0666888
0.510999
0
0.140833
1.27453
0
0.510999
0
0
0
0.188552
0
0
0
0.510999
0
0
0.510999
0.626124
0.510999
0
0.188818
0.510999
0.116421
0.416653
1.27456
0.21748
0.226848
0.510999
0.362312
0.510999
0.510999
0.369891
1.27453
0
0.352137
0.14653
0.506027
0.510999
0.337861
0.510999
0.359733
0
0.932995
0
0
0
0
1.27453
0
0
0
1.27453
0.510999
0.510999
0.327644
0
0.117435
0.510999
0.274995
1.27455
0.179026
0.510999
0
0
0.510999
0.510999
0
0.510999
0.510999
0.510999
0
0.729439
0.510999
0.324655
0.510999
0
0.510999
0
0.185748
0.763019
0.561647
0.341115
0.100341
1.27452
0
0
0.510999
0.510999
0.510999
1.02386
0.323452
0.510999
0.287719
0
0
0
0.326411
0
0.243802
0
0.510999
0.510999
0.291745
0.510999
0
0.510999
0
0
0.510999
0.510999
0
0
0.24507
0.547178
0
0
0.291267
0.0155768
0.510999
0
0
0
0.510999
0
0.429644
0
0
0
0.41011
1.27453
0.637927
0.222106
0.642319
0.219592
0.224554
0.510999
0.510999
0.334864
0.280778
0.0767661
0.323855
0
0.510999
0
0
0.126307
0
1.27453
0
0.44699
0.510999
0.510999
0.510999
0.25532
0
0.290087
0.510999
0.267052
1.27453
0.510999
0.510999
0.278433
0
0.244943
0.510999
0
0
0.10464
0
0.510999
0.510999
0
1.27453
0
0.281639
0
0
0
1.27453
0.657646
0.671346
0.235708
0
0.0862911
0
1.27453
0.510999
0
0
0
0.510999
0.529719
0
1.78553
0
0.510999
0.0041013
0
0.456001
1.57624
0
1.27453
0.0372099
0
0.259805
0.510999
0.282163
0.510999
0
0
0
0.244554
0.258004
1.27451
0.510999
0
0.261775
0.688279
0
0.510999
0.510999
0.367593
0
0
0.210151
0
0
0
0.510999
0.194953
0
0
0
0.510999
0
0.787727
0.361296
0
0
0
0.332553
0
0.510999
0.238175
0.350884
0.170633
0.145201
0.0477394
0.709953
0
0
0
0.104945
0
0
0.445663
0.29477
0
0
0.364891
0.510999
0.29356
0.228638
0
0.236049
1.27453
0
0.294312
0.202321
0.510999
0
0.0194103
0
0.510999
0
0
0.312211
0.165848
1.27453
0.117408
0
0.712545
1.02016
0.356863
0
0
0
1.27453
0.327237
0
0.510999
0
0.20132
0.510999
0
0.510999
0
0.510999
1.27453
0
1.07117
0.29339
0
0.777404
0.0192084
0.510999
0.234449
0
0.609064
0.510999
1.27453
0
0
0
1.27453
0.510999
0.329025
0.408234
0
0.510999
0.510999
0.510999
1.27453
1.27454
0
0
0.235276
0.0172841
0
0.510999
0
0.361084
0.510999
0.510999
1.27453
0.217289
0.141766
0
0
0
0
0
1.27453
0.510999
0.510999
0.793929
0
0.510999
0.056125
0.510999
0.546247
0.510999
0
1.27453
0.510999
0.483355
0
0.510999
0
0.510999
0.902116
0.43693
1.27453
0.253848
0.227717
0
0.0768849
0.510999
0
0.510999
0.537451
0.0780449
1.27455
0
1.27453
0
1.27453
0.904434
0
0.510999
0.510999
0
0.952027
0.298488
0
0.510999
0.677618
0.510999
0
0.510999
1.27453
0
0
0.139435
0.510999
0
0
1.27453
0
0.510999
0.800654
0
0
0
0.259281
0.510999
0
0.510999
0.510999
0.510999
0.510999
0.239131
0.510999
0.981267
1.27451
0.510999
0
0.261775
0.688279
0
0.510999
0.510999
0.367593
0
0
0.210151
0
0
0
0.510999
0.194953
0
0
0
0.510999
0
0.787727
0.361296
0
0
0
0.332553
0
0.510999
0.238175
0.350884
0.170633
0.145201
0.0477394
0.709953
0
0
0
0.104945
0
0
0.445663
0.29477
0
0
0.510999
0
0.510999
0.510999
0
0.313013
0.510999
0.667731
0.727144
0.305027
0.0666888
0.510999
0
0.140833
1.27453
0
0.510999
0
0
0
0.188552
0
0
0
0.510999
0
0
0.510999
0.626124
0.510999
0
0.188818
0.510999
0.116421
0.416653
1.27456
0.21748
0.226848
0.510999
0.362312
0.510999
0.510999
0.369891
1.27453
0
0.352137
0.359733
0
0.932995
0
0
0
0
1.27453
0
0
0
1.27453
0.510999
0.510999
0.327644
0
0.117435
0.510999
0.274995
1.27455
0.179026
0.510999
0
0
0.510999
0.510999
0
0.510999
0.510999
0.510999
0
0.729439
0.510999
0.324655
0.510999
0
0.510999
0
0.185748
0.763019
0.561647
0.341115
0.100341
1.27452
0
0
0.510999
0.510999
0.510999
1.02386
0.323452
0.510999
0.287719
0.510999
0.20344
0.00279579
0
0
0
0.326411
0
0.243802
0
0.510999
0.510999
0.291745
0.510999
0
0.510999
0
0
0.510999
0.510999
0
0
0.24507
0.547178
0
0
0.291267
0.0155768
0.510999
0
0
0
0.510999
0
0.429644
0
0
0
0.41011
1.27453
0.637927
0.224554
0.510999
0.510999
0.334864
0.280778
0.0767661
0.323855
0
0.510999
0
0
0.126307
0
1.27453
0
0.44699
0.510999
0.510999
0.510999
0.25532
0
0.290087
0.510999
0.267052
1.27453
0.510999
0.510999
0.278433
0
0.244943
0.510999
0
0
0.10464
0
0.510999
0.510999
0
1.27453
0
0.281639
0
0
0
1.27453
0.657646
0.671346
0.235708
0
0.0862911
0
1.27453
0.510999
0
0
0
0.510999
0.529719
0
1.78553
0
0.510999
0.0041013
0
0.456001
1.57624
0
1.27453
0.0372099
0
0.259805
0.510999
0.282163
0.510999
0
0
0
0.244554
0.258004
0.510999
0
0.510999
0.510999
0
0.313013
0.510999
0.667731
0.727144
0.305027
0.0666888
0.510999
0
0.140833
1.27453
0
0.510999
0
0
0
0.188552
0
0
0
0.510999
0
0
0.510999
0.626124
0.510999
0
0.188818
0.510999
0.116421
0.416653
1.27456
0.21748
0.226848
0.510999
0.362312
0.510999
0.510999
0.369891
1.27453
0
0.352137
0.510999
0.29356
0.228638
0
0.236049
1.27453
0
0.294312
0.202321
0.510999
0
0.0194103
0
0.510999
0
0
0.312211
0.165848
1.27453
0.117408
0
0.712545
1.02016
0.356863
0
0
0
1.27453
0.327237
0
0.510999
0
0.20132
0.510999
0
0.510999
0
0.510999
1.27453
0
0
1.07117
0.29339
0
0.777404
0.0192084
0.510999
0.234449
0
0.609064
0.510999
1.27453
0
0
0
1.27453
0.510999
0.329025
0.408234
0
0.510999
0.510999
0.510999
1.27453
1.27454
0
0
0.235276
0.0172841
0
0.510999
0
0.361084
0.510999
0.510999
1.27453
0.217289
0
0.141766
0
0
0
0
0
1.27453
0.510999
0.510999
0.793929
0
0.510999
0.056125
0.510999
0.546247
0.510999
0
1.27453
0.510999
0.483355
0
0.510999
0
0.510999
0.902116
0.43693
1.27453
0.253848
0.227717
0
0.0768849
0.510999
0
0.510999
0.537451
0.0780449
1.27455
0
0.510999
0
1.27453
0
1.27453
0.904434
0
0.510999
0.510999
0
0.952027
0.298488
0
0.510999
0.677618
0.510999
0
0.510999
1.27453
0
0
0.139435
0.510999
0
0
1.27453
0
0.510999
0.800654
0
0
0
0.259281
0.510999
0
0.510999
0.510999
0.510999
0.510999
0.239131
0.510999
0.981267
0.510999
1.27451
0.510999
0
0.261775
0.688279
0
0.510999
0.510999
0.367593
0
0
0.210151
0
0
0
0.510999
0.194953
0
0
0
0.510999
0
0.787727
0.361296
0
0
0
0.332553
0
0.510999
0.238175
0.350884
0.170633
0.145201
0.0477394
0.709953
0
0
0
0.104945
0
0
0.445663
0.29477
0
0
0.364891
0
0.510999
0
0.510999
0.510999
0
0.313013
0.510999
0.667731
0.727144
0.305027
0.0666888
0.510999
0
0.140833
1.27453
0
0.510999
0
0
0
0.188552
0
0
0
0.510999
0
0
0.510999
0.626124
0.510999
0
0.188818
0.510999
0.116421
0.416653
1.27456
0.21748
0.226848
0.510999
0.362312
0.510999
0.510999
0.369891
1.27453
0
0.352137
0.14653
0.359733
0
0.932995
0
0
0
0
1.27453
0
0
0
1.27453
0.510999
0.510999
0.327644
0
0.117435
0.510999
0.274995
1.27455
0.179026
0.510999
0
0
0.510999
0.510999
0
0.510999
0.510999
0.510999
0
0.729439
0.510999
0.324655
0.510999
0
0.510999
0
0.185748
0.763019
0.561647
0.341115
0.100341
1.27452
0
0
0.510999
0.510999
0.510999
1.02386
0.323452
0.510999
0.287719
0.510999
0.20344
0
0
0
0.326411
0
0.243802
0
0.510999
0.510999
0.291745
0.510999
0
0.510999
0
0
0.510999
0.510999
0
0
0.24507
0.547178
0
0
0.291267
0.0155768
0.510999
0
0
0
0.510999
0
0.429644
0
0
0
0.41011
1.27453
0.637927
0.224554
0.510999
0.510999
0.334864
0.280778
0.0767661
0.323855
0
0.510999
0
0
0.126307
0
1.27453
0
0.44699
0.510999
0.510999
0.510999
0.25532
0
0.290087
0.510999
0.267052
1.27453
0.510999
0.510999
0.278433
0
0.244943
0.510999
0
0
0.10464
0
0.510999
0.510999
0
1.27453
0
0.281639
0
0
0
0
1.27453
0.657646
0.671346
0.235708
0
0.0862911
0
1.27453
0.510999
0
0
0
0.510999
0.529719
0
1.78553
0
0.510999
0.0041013
0
0.456001
1.57624
0
1.27453
0.0372099
0
0.259805
0.510999
0.282163
0.510999
0
0
0
0.359733
0
0.932995
0
0
0
0
1.27453
0
0
0
1.27453
0.510999
0.510999
0.327644
0
0.117435
0.510999
0.274995
1.27455
0.179026
0.510999
0
0
0.510999
0.510999
0
0.510999
0.510999
0.510999
0
0.729439
0.510999
0.324655
0.510999
0
0.510999
0
0.185748
0.763019
0.561647
0.341115
0.100341
1.27452
0
0
0.510999
0.510999
0.510999
1.02386
0.323452
0.510999
0.287719
0.510999
0.29356
0.228638
0
0.236049
1.27453
0
0.294312
0.202321
0.510999
0
0.0194103
0
0.510999
0
0
0.312211
0.165848
1.27453
0.117408
0
0.712545
1.02016
0.356863
0
0
0
1.27453
0.327237
0
0.510999
0
0.20132
0.510999
0
0.510999
0
0.510999
1.27453
0
1.07117
0.29339
0
0.777404
0.0192084
0.510999
0.234449
0
0.609064
0.510999
1.27453
0
0
0
1.27453
0.510999
0.329025
0.408234
0
0.510999
0.510999
0.510999
1.27453
1.27454
0
0
0.235276
0.0172841
0
0.510999
0
0.361084
0.510999
0.510999
1.27453
0.217289
0
0.141766
0
0
0
0
0
1.27453
0.510999
0.510999
0.793929
0
0.510999
0.056125
0.510999
0.546247
0.510999
0
1.27453
0.510999
0.483355
0
0.510999
0
0.510999
0.902116
0.43693
1.27453
0.253848
0.227717
0
0.0768849
0.510999
0
0.510999
0.537451
0.0780449
1.27453
0
1.27453
0.904434
0
0.510999
0.510999
0
0.952027
0.298488
0
0.510999
0.677618
0.510999
0
0.510999
1.27453
0
0
0.139435
0.510999
0
0
1.27453
0
0.510999
0.800654
0
0
0
0.259281
0.510999
0
0.510999
0.510999
0.510999
0.510999
0.239131
0.510999
0.981267
1.27451
0.510999
0
0.261775
0.688279
0
0.510999
0.510999
0.367593
0
0
0.210151
0
0
0
0.510999
0.194953
0
0
0
0.510999
0
0.787727
0.361296
0
0
0
0.332553
0
0.510999
0.238175
0.350884
0.170633
0.145201
0.0477394
0.709953
0
0
0
0.104945
0
0
0.445663
0.29477
0
0
0.510999
0
0.510999
0.510999
0
0.313013
0.510999
0.667731
0.727144
0.305027
0.0666888
0.510999
0
0.140833
1.27453
0
0.510999
0
0
0
0.188552
0
0
0
0.510999
0
0
0.510999
0.626124
0.510999
0
0.188818
0.510999
0.116421
0.416653
1.27456
0.21748
0.226848
0.510999
0.362312
0.510999
0.510999
0.369891
1.27453
0
0.352137
0.359733
0
0.932995
0
0
0
0
1.27453
0
0
0
1.27453
0.510999
0.510999
0.327644
0
0.117435
0.510999
0.274995
1.27455
0.179026
0.510999
0
0
0.510999
0.510999
0
0.510999
0.510999
0.510999
0
0.729439
0.510999
0.324655
0.510999
0
0.510999
0
0.185748
0.763019
0.561647
0.341115
0.100341
1.27452
0
0
0.510999
0.510999
0.510999
1.02386
0.323452
0.510999
0.287719
0
0
0
0.326411
0
0.243802
0
0.510999
0.510999
0.291745
0.510999
0
0.510999
0
0
0.510999
0.510999
0
0
0.24507
0.547178
0
0
0.291267
0.0155768
0.510999
0
0
0
0.510999
0
0.429644
0
0
0
0.41011
1.27453
0.637927
0.224554
0.510999
0.510999
0.334864
0.280778
0.0767661
0.323855
0
0.510999
0
0
0.126307
0
1.27453
0
0.44699
0.510999
0.510999
0.510999
0.25532
0
0.290087
0.510999
0.267052
1.27453
0.510999
0.510999
0.278433
0
0.244943
0.510999
0
0
0.10464
0
0.510999
0.510999
0
1.27453
0
0.281639
0
0
0
0
1.27453
0.657646
0.671346
0.235708
0
0.0862911
0
1.27453
0.510999
0
0
0
0.510999
0.529719
0
1.78553
0
0.510999
0.0041013
0
0.456001
1.57624
0
1.27453
0.0372099
0
0.259805
0.510999
0.282163
0.510999
0
0
0
0.244554
0.258004
0
0
0
0.326411
0
0.243802
0
0.510999
0.510999
0.291745
0.510999
0
0.510999
0
0
0.510999
0.510999
0
0
0.24507
0.547178
0
0
0.291267
0.0155768
0.510999
0
0
0
0.510999
0
0.429644
0
0
0
0.41011
1.27453
0.637927
0.510999
0.29356
0.228638
0
0.236049
1.27453
0
0.294312
0.202321
0.510999
0
0.0194103
0
0.510999
0
0
0.312211
0.165848
1.27453
0.117408
0
0.712545
1.02016
0.356863
0
0
0
1.27453
0.327237
0
0.510999
0
0.20132
0.510999
0
0.510999
0
0.510999
1.27453
0
0
1.07117
0.29339
0
0.777404
0.0192084
0.510999
0.234449
0
0.609064
0.510999
1.27453
0
0
0
1.27453
0.510999
0.329025
0.408234
0
0.510999
0.510999
0.510999
1.27453
1.27454
0
0
0.235276
0.0172841
0
0.510999
0
0.361084
0.510999
0.510999
1.27453
0.217289
0
0.141766
0
0
0
0
0
1.27453
0.510999
0.510999
0.793929
0
0.510999
0.056125
0.510999
0.546247
0.510999
0
1.27453
0.510999
0.483355
0
0.510999
0
0.510999
0.902116
0.43693
1.27453
0.253848
0.227717
0
0.0768849
0.510999
0
0.510999
0.537451
0.0780449
1.27455
1.27453
0
1.27453
0.904434
0
0.510999
0.510999
0
0.952027
0.298488
0
0.510999
0.677618
0.510999
0
0.510999
1.27453
0
0
0.139435
0.510999
0
0
1.27453
0
0.510999
0.800654
0
0
0
0.259281
0.510999
0
0.510999
0.510999
0.510999
0.510999
0.239131
0.510999
0.981267
1.27451
0.510999
0
0.261775
0.688279
0
0.510999
0.510999
0.367593
0
0
0.210151
0
0
0
0.510999
0.194953
0
0
0
0.510999
0
0.787727
0.361296
0
0
0
0.332553
0
0.510999
0.238175
0.350884
0.170633
0.145201
0.0477394
0.709953
0
0
0
0.104945
0
0
0.445663
0.510999
0
0.510999
0.510999
0
0.313013
0.510999
0.667731
0.727144
0.305027
0.0666888
0.510999
0
0.140833
1.27453
0
0.510999
0
0
0
0.188552
0
0
0
0.510999
0
0
0.510999
0.626124
0.510999
0
0.188818
0.510999
0.116421
0.416653
1.27456
0.21748
0.226848
0.510999
0.362312
0.510999
0.510999
0.369891
1.27453
0
0.352137
0.14653
0.359733
0
0.932995
0
0
0
0
1.27453
0
0
0
1.27453
0.510999
0.510999
0.327644
0
0.117435
0.510999
0.274995
1.27455
0.179026
0.510999
0
0
0.510999
0.510999
0
0.510999
0.510999
0.510999
0
0.729439
0.510999
0.324655
0.510999
0
0.510999
0
0.185748
0.763019
0.561647
0.341115
0.100341
1.27452
0
0
0.510999
0.510999
0.510999
1.02386
0.323452
0
0
0
0.326411
0
0.243802
0
0.510999
0.510999
0.291745
0.510999
0
0.510999
0
0
0.510999
0.510999
0
0
0.24507
0.547178
0
0
0.291267
0.0155768
0.510999
0
0
0
0.510999
0
0.429644
0
0
0
0.41011
1.27453
0.637927
0.224554
0.510999
0.510999
0.334864
0.280778
0.0767661
0.323855
0
0.510999
0
0
0.126307
0
1.27453
0
0.44699
0.510999
0.510999
0.510999
0.25532
0
0.290087
0.510999
0.267052
1.27453
0.510999
0.510999
0.278433
0
0.244943
0.510999
0
0
0.10464
0
0.510999
0.510999
0
1.27453
0
0.281639
0
0
0
1.27453
0.657646
0.671346
0.235708
0
0.0862911
0
1.27453
0.510999
0
0
0
0.510999
0.529719
0
1.78553
0
0.510999
0.0041013
0
0.456001
1.57624
0
1.27453
0.0372099
0
0.259805
0.510999
0.282163
0.510999
0
0
0
0.244554
0.258004
0.224554
0.510999
0.510999
0.334864
0.280778
0.0767661
0.323855
0
0.510999
0
0
0.126307
0
1.27453
0
0.44699
0.510999
0.510999
0.510999
0.25532
0
0.290087
0.510999
0.267052
1.27453
0.510999
0.510999
0.278433
0
0.244943
0.510999
0
0
0.10464
0
0.510999
0.510999
0
1.27453
0
0.281639
0
0.510999
0.29356
0.228638
0
0.236049
1.27453
0
0.294312
0.202321
0.510999
0
0.0194103
0
0.510999
0
0
0.312211
0.165848
1.27453
0.117408
0
0.712545
1.02016
0.356863
0
0
0
1.27453
0.327237
0
0.510999
0
0.20132
0.510999
0
0.510999
0
0.510999
1.27453
0
0
0.42678
0.510999
1.07117
0.29339
0
0.777404
0.0192084
0.510999
0.234449
0
0.609064
0.510999
1.27453
0
0
0
1.27453
0.510999
0.329025
0.408234
0
0.510999
0.510999
0.510999
1.27453
1.27454
0
0
0.235276
0.0172841
0
0.510999
0
0.361084
0.510999
0.510999
1.27453
0.217289
0.141766
0
0
0
0
0
1.27453
0.510999
0.510999
0.793929
0
0.510999
0.056125
0.510999
0.546247
0.510999
0
1.27453
0.510999
0.483355
0
0.510999
0
0.510999
0.902116
0.43693
1.27453
0.253848
0.227717
0
0.0768849
0.510999
0
0.510999
0.537451
0.0780449
1.27455
0
0.510999
0
1.27453
0
1.27453
0.904434
0
0.510999
0.510999
0
0.952027
0.298488
0
0.510999
0.677618
0.510999
0
0.510999
1.27453
0
0
0.139435
0.510999
0
0
1.27453
0
0.510999
0.800654
0
0
0
0.259281
0.510999
0
0.510999
0.510999
0.510999
0.510999
0.239131
0.510999
0.981267
0.510999
1.27451
0.510999
0
0.261775
0.688279
0
0.510999
0.510999
0.367593
0
0
0.210151
0
0
0
0.510999
0.194953
0
0
0
0.510999
0
0.787727
0.361296
0
0
0
0.332553
0
0.510999
0.238175
0.350884
0.170633
0.145201
0.0477394
0.709953
0
0
0
0.104945
0
0
0.445663
0.29477
0
0
0.364891
0
0.510999
0
0.510999
0.510999
0
0.313013
0.510999
0.667731
0.727144
0.305027
0.0666888
0.510999
0
0.140833
1.27453
0
0.510999
0
0
0
0.188552
0
0
0
0.510999
0
0
0.510999
0.626124
0.510999
0
0.188818
0.510999
0.116421
0.416653
1.27456
0.21748
0.226848
0.510999
0.362312
0.510999
0.510999
0.369891
1.27453
0
0.352137
0.359733
0
0.932995
0
0
0
0
1.27453
0
0
0
1.27453
0.510999
0.510999
0.327644
0
0.117435
0.510999
0.274995
1.27455
0.179026
0.510999
0
0
0.510999
0.510999
0
0.510999
0.510999
0.510999
0
0.729439
0.510999
0.324655
0.510999
0
0.510999
0
0.185748
0.763019
0.561647
0.341115
0.100341
1.27452
0
0
0.510999
0.510999
0.510999
1.02386
0.323452
0.510999
0
0
0
0.326411
0
0.243802
0
0.510999
0.510999
0.291745
0.510999
0
0.510999
0
0
0.510999
0.510999
0
0
0.24507
0.547178
0
0
0.291267
0.0155768
0.510999
0
0
0
0.510999
0
0.429644
0
0
0
0.41011
1.27453
0.637927
0.224554
0.510999
0.510999
0.334864
0.280778
0.0767661
0.323855
0
0.510999
0
0
0.126307
0
1.27453
0
0.44699
0.510999
0.510999
0.510999
0.25532
0
0.290087
0.510999
0.267052
1.27453
0.510999
0.510999
0.278433
0
0.244943
0.510999
0
0
0.10464
0
0.510999
0.510999
0
1.27453
0
0.281639
0
0
0
1.27453
0.657646
0.671346
0.235708
0
0.0862911
0
1.27453
0.510999
0
0
0
0.510999
0.529719
0
1.78553
0
0.510999
0.0041013
0
0.456001
1.57624
0
1.27453
0.0372099
0
0.259805
0.510999
0.282163
0.510999
0
0
0
0.244554
0.258004
0
0
1.27453
0.657646
0.671346
0.235708
0
0.0862911
0
1.27453
0.510999
0
0
0
0.510999
0.529719
0
1.78553
0
0.510999
0.0041013
0
0.456001
1.57624
0
1.27453
0.0372099
0
0.259805
0.510999
0.282163
0.510999
0
0
0
0.244554
0.258004
