0.510999
0.142558
0.510999
0
0.157766
1.27453
0.438658
0.510999
0
0
0
0.510999
0.0648647
0.510999
0.510999
0.251204
0
0.403446
0.222116
0.510999
0.187338
0.510999
1.27453
0
0.228185
0.510999
0
1.27453
0
0.510999
0.142558
0.510999
0
0.157766
1.27453
0.438658
0.510999
0
0
0
0.510999
0.0648647
0.510999
0.510999
0.251204
0
0.403446
0.222116
0.510999
0.187338
0.510999
1.27453
0
0.228185
0.510999
0
1.27453
0
0
0
0.215388
0.429615
0.510999
0.335887
0.510999
0.735346
0
0.628396
0.510999
0
0.0999881
0.0756923
0.510999
0.510999
0.348516
0.262843
0
0
0.203471
0.730013
0.510999
0
0.32582
0
0.321863
0.510999
0.510999
0.510999
0
0
0.0207189
0.851052
0.102761
0
0
0.510999
0.897359
0.883827
0.383915
0.510999
0.382075
0.510999
0.320306
0.181459
0.293401
0.510999
0
0
0.510999
0
0
0
0.0430073
0.510999
0
0.510999
1.27454
0.510999
0.236795
1.27453
0.181182
0
0.510999
0
0.223606
0.338876
0
1.43759
0.510999
0.405494
0.189741
0
0
0
0.510999
0.307111
0.510999
1.27453
0.510999
0.259138
0
1.27453
0.320895
0.510999
0.510999
0
0.510999
0
0.298034
0
0.00756025
0
0.442454
0
0.267867
0
1.0059
0.705405
0
1.27453
0.316029
0
0.510999
0
0.510999
0
0.390821
0
0.326068
0.204726
0.510999
0.470784
0
0.510999
1.27453
0
0
0.510999
0.510999
0.510999
0
1.54753
0
0.510999
0.465663
0
0
0.81308
0
0.510999
0.510999
0
0.912172
0.0121078
0.0526853
0.510999
0
0.0387537
0
0
0
1.27453
1.60314
0.296654
0.510999
0.230858
1.27453
1.27453
0
0.510999
0
0.510999
0
0
0.348765
0
0
0.0682661
0.510999
0.510999
0
0.353271
0
0.503235
0
0
0
0
0
0.510999
0.492909
0.510999
0
0.392744
0
0
0.510999
0.939834
0.190089
0
0.510999
0.510999
0
0
0.408279
0.510999
0
1.27453
1.27453
0.103596
0.27045
0
1.01432
0
0
0
0.323907
0
0.0200029
0.199269
1.27453
0.510999
0.212418
0
0.0307036
0.510999
0.993142
0.533806
0.614859
0
1.27453
0.510999
0.673787
1.27453
0.316893
0
0.510999
0
0.308177
0.510999
0.134642
0.510999
0.464058
0
0
0.359546
0.325718
0.322531
0
0.230492
0
1.27453
0.510999
0.297686
0
0.510999
1.27453
0.510999
0
0.228291
0
0
1.27453
0.178236
0.510999
0.686682
0.31181
0.510999
0.199817
0.132907
0
0.177864
0
0.510999
0.230016
0.510999
0.510999
0
0
1.45477
0
0
0.299831
0.366748
0
0
0
1.27453
0.510999
0.510999
1.27453
1.27453
0
0
0.510999
0
0.510999
0.428316
0
0.510999
0.175115
0.0247218
0
0.261581
0.133083
0
1.27453
0.348353
0.224552
0.510999
0.510999
0
0.510999
0.141724
0
0
0.510999
0
0
0.924211
0.510999
0
0
0.510999
0.510999
0
0.510999
0.510999
1.27453
0
0.510999
0.510999
0
0
0.171317
0.713665
0.510999
0.510999
1.27453
0.510999
0
0.217688
0.0391219
0.279569
0.189022
1.08084
0
0
0
0.510999
0.0784195
0.147112
0.510999
0
0
0
0.510999
0
0
0
0
0
0
0.345587
0
0.264422
1.27453
1.27453
0
0
0
0.510999
0
0.176796
0
0
0.510999
0.956974
0
0
0.940066
0
0
0
0.421017
0
1.27453
0.510999
0.510999
0.510999
0.510999
0.47195
0
0.510999
0.510999
0.510999
1.27453
0
0.510999
0
0
0
0.215388
0.429615
0.510999
0.335887
0.510999
0.735346
0
0.628396
0.510999
0
0.0999881
0.0756923
0.510999
0.510999
0.348516
0.262843
0
0
0.203471
0.730013
0.510999
0
0.32582
0
0.321863
0.510999
0.510999
0.510999
0
0
0.0207189
0.851052
0.102761
0
0
0.510999
0.897359
0.883827
0.383915
0.510999
0.142558
0.510999
0
0.157766
1.27453
0.438658
0.510999
0
0
0
0.510999
0.0648647
0.510999
0.510999
0.251204
0
0.403446
0.222116
0.510999
0.187338
0.510999
1.27453
0
0.228185
0.510999
0
1.27453
0
0
0
0.215388
0.429615
0.510999
0.335887
0.510999
0.735346
0
0.628396
0.510999
0
0.0999881
0.0756923
0.510999
0.510999
0.348516
0.262843
0
0
0.203471
0.730013
0.510999
0
0.32582
0
0.321863
0.510999
0.510999
0.510999
0
0
0.0207189
0.851052
0.102761
0
0
0.510999
0.897359
0.883827
0.383915
0.510999
0.382075
0.510999
0.320306
0.181459
0.293401
0.510999
0
0
0.510999
0
0
0
0.0430073
0.510999
0
0.510999
1.27454
0.510999
0.236795
1.27453
0.181182
0
0.510999
0
0.223606
0.338876
0
1.43759
0.510999
0.405494
0.189741
0
0
0
0.510999
0.307111
0.510999
1.27453
0.510999
0.259138
0
1.27453
0.320895
0.510999
0.510999
0
0.510999
0
0.298034
0
0.00756025
0
0.442454
0
0.267867
0
1.0059
0.705405
0
1.27453
0.316029
0
0.510999
0
0.510999
0
0.390821
0
0.326068
0.204726
0.510999
0.470784
0
0.510999
1.27453
0
0
0.510999
0.510999
0.510999
0
0
0.510999
0.465663
0
0
0.81308
0
0.510999
0.510999
0
0.912172
0.0121078
0.0526853
0.510999
0
0.0387537
0
0
0
1.27453
1.60314
0.296654
0.510999
0.230858
1.27453
1.27453
0
0.510999
0
0.510999
0
0
0.348765
0
0
0.0682661
0.510999
0.510999
0
0.353271
0
0.503235
0
0
0
0
0
0.510999
0.492909
0.510999
0
0.392744
0
0
0.510999
0.939834
0.190089
0
0.510999
0.510999
0
0
0.408279
0.510999
0
1.27453
1.27453
0.103596
0.27045
0
1.01432
0
0
0
0.323907
0
0.0200029
0.199269
1.27453
0.510999
0.212418
0
0.0307036
0.510999
0.993142
0.533806
0.614859
0
1.27453
0.510999
0.673787
1.27453
0.316893
0
0.510999
0
0.308177
0.510999
0.134642
0.510999
0.464058
0
0
0.359546
0.325718
0.322531
0
0.230492
0
1.27453
0.510999
0.297686
0
0.510999
0
0.510999
0.510999
1.27453
0.510999
0
0.228291
0
0
1.27453
0.178236
0.510999
0.686682
0.31181
0.510999
0.199817
0.132907
0
0.177864
0
0.510999
0.230016
0.510999
0.510999
0
0
1.45477
0
0
0.299831
0.366748
0
0
0
1.27453
0.510999
0.510999
1.27453
1.27453
0
0
0.510999
0
0.510999
0.428316
0
0.510999
0.175115
0.0247218
0.143463
0
0.179905
0
0.261581
0.133083
0
1.27453
0.348353
0.224552
0.510999
0.510999
0
0.510999
0.141724
0
0
0.510999
0
0
0.924211
0.510999
0
0
0.510999
0.510999
0
0.510999
0.510999
1.27453
0
0.510999
0.510999
0
0
0.171317
0.713665
0.510999
0.510999
1.27453
0.510999
0
0.217688
0.0391219
0.279569
0.189022
1.08084
0
0
0
0.510999
0.0784195
0.147112
0.510999
0
0
0
0.510999
0
0
0
0
0
0
0.345587
0
0.264422
1.27453
1.27453
0
0
0
0.510999
0
0.176796
0
0
0.510999
0.956974
0
0
0.940066
0
0
0
0.421017
0
1.27453
0.510999
0.510999
0.510999
0.510999
0.47195
0
0.510999
0.510999
0.510999
1.27453
0
0.510999
0
0.382075
0.510999
0.320306
0.181459
0.293401
0.510999
0
0
0.510999
0
0
0
0.0430073
0.510999
0
0.510999
1.27454
0.510999
0.236795
1.27453
0.181182
0
0.510999
0
0.223606
0.338876
0
1.43759
0.510999
0.405494
0.189741
0
0
0
0.510999
0.307111
0.510999
1.27453
0.510999
0.259138
0.510999
0.142558
0.510999
0
0.157766
1.27453
0.438658
0.510999
0
0
0
0.510999
0.0648647
0.510999
0.510999
0.251204
0
0.403446
0.222116
0.510999
0.187338
0.510999
1.27453
0
0.228185
0.510999
0
1.27453
0
0
0
0.215388
0.429615
0.510999
0.335887
0.510999
0.735346
0
0.628396
0.510999
0
0.0999881
0.0756923
0.510999
0.510999
0.348516
0.262843
0
0
0.203471
0.730013
0.510999
0
0.32582
0
0.321863
0.510999
0.510999
0.510999
0
0
0.0207189
0.851052
0.102761
0
0
0.510999
0.897359
0.883827
0.383915
0.382075
0.510999
0.320306
0.181459
0.293401
0.510999
0
0
0.510999
0
0
0
0.0430073
0.510999
0
0.510999
1.27454
0.510999
0.236795
1.27453
0.181182
0
0.510999
0
0.223606
0.338876
0
1.43759
0.510999
0.405494
0.189741
0
0
0
0.510999
0.307111
0.510999
1.27453
0.510999
0.259138
0.0237295
0
1.27453
0.320895
0.510999
0.510999
0
0.510999
0
0.298034
0
0.00756025
0
0.442454
0
0.267867
0
1.0059
0.705405
0
1.27453
0.316029
0
0.510999
0
0.510999
0
0.390821
0
0.326068
0.204726
0.510999
0.470784
0
0.510999
1.27453
0
0
0.510999
0.510999
0.510999
0
1.54753
0
0.510999
0.465663
0
0
0.81308
0
0.510999
0.510999
0
0.912172
0.0121078
0.0526853
0.510999
0
0.0387537
0
0
0
1.27453
1.60314
0.296654
0.510999
0.230858
1.27453
1.27453
0
0.510999
0
0.510999
0
0
0.348765
0
0
0.0682661
0
0
0
0
0
0.510999
0.492909
0.510999
0
0.392744
0
0
0.510999
0.939834
0.190089
0
0.510999
0.510999
0
0
0.408279
0.510999
0
1.27453
1.27453
0.103596
0.27045
0
1.01432
0
0
0
0.323907
0
0.0200029
0.199269
1.27453
0.212418
0
0.0307036
0.510999
0.993142
0.533806
0.614859
0
1.27453
0.510999
0.673787
1.27453
0.316893
0
0.510999
0
0.308177
0.510999
0.134642
0.510999
0.464058
0
0
0.359546
0.325718
0.322531
0
0.230492
0
1.27453
0.510999
0.297686
0
0.510999
0
0.510999
1.27453
0.510999
0
0.228291
0
0
1.27453
0.178236
0.510999
0.686682
0.31181
0.510999
0.199817
0.132907
0
0.177864
0
0.510999
0.230016
0.510999
0.510999
0
0
1.45477
0
0
0.299831
0.366748
0
0
0
1.27453
0.510999
0.510999
1.27453
1.27453
0
0
0.510999
0
0.510999
0.428316
0
0.510999
0.175115
0.0247218
0
0.261581
0.133083
0
1.27453
0.348353
0.224552
0.510999
0.510999
0
0.510999
0.141724
0
0
0.510999
0
0
0.924211
0.510999
0
0
0.510999
0.510999
0
0.510999
0.510999
1.27453
0
0.510999
0.510999
0
0
0.171317
0.713665
0.510999
0.510999
1.27453
0.510999
0
0.217688
0.0391219
0.279569
0.189022
1.08084
0
0
0
0.510999
0.0784195
0.147112
0.510999
0
0
0
0.510999
0
0
0
0
0
0
0.345587
0
0.264422
1.27453
1.27453
0
0
0
0.510999
0
0.176796
0
0
0.510999
0.956974
0
0
0.940066
0
0
0
0.421017
0
1.27453
0.510999
0.510999
0.510999
0.510999
0.47195
0
0.510999
0.510999
0.510999
1.27453
0
0.510999
0
0
1.27453
0.320895
0.510999
0.510999
0
0.510999
0
0.298034
0
0.00756025
0
0.442454
0
0.267867
0
1.0059
0.705405
0
1.27453
0.316029
0
0.510999
0
0.510999
0
0.390821
0
0.326068
0.204726
0.510999
0.470784
0
0.510999
1.27453
0
0
0.510999
0.510999
0.510999
0
1.54753
0.510999
0.510999
0.142558
0.510999
0
0.157766
1.27453
0.438658
0.510999
0
0
0
0.510999
0.0648647
0.510999
0.510999
0.251204
0
0.403446
0.222116
0.510999
0.187338
0.510999
1.27453
0
0.228185
0.510999
0
1.27453
0
0
0
0.215388
0.429615
0.510999
0.335887
0.510999
0.735346
0
0.628396
0.510999
0
0.0999881
0.0756923
0.510999
0.510999
0.348516
0.262843
0
0
0.203471
0.730013
0.510999
0
0.32582
0
0.321863
0.510999
0.510999
0.510999
0
0
0.0207189
0.851052
0.102761
0
0
0.510999
0.897359
0.883827
0.383915
0.510999
0.382075
0.510999
0.320306
0.181459
0.293401
0.510999
0
0
0.510999
0
0
0
0.0430073
0.510999
0
0.510999
1.27454
0.510999
0.236795
1.27453
0.181182
0
0.510999
0
0.223606
0.338876
0
1.43759
0.510999
0.405494
0.189741
0
0
0
0.510999
0.307111
0.510999
1.27453
0.510999
0.259138
0
1.27453
0.320895
0.510999
0.510999
0
0.510999
0
0.298034
0
0.00756025
0
0.442454
0
0.267867
0
1.0059
0.705405
0
1.27453
0.316029
0
0.510999
0
0.510999
0
0.390821
0
0.326068
0.204726
0.510999
0.470784
0
0.510999
1.27453
0
0
0.510999
0.510999
0.510999
0
1.54753
0.510999
0
0.510999
0.465663
0
0
0.81308
0
0.510999
0.510999
0
0.912172
0.0121078
0.0526853
0.510999
0
0.0387537
0
0
0
1.27453
1.60314
0.296654
0.510999
0.230858
1.27453
1.27453
0
0.510999
0
0.510999
0
0
0.348765
0
0
0.0682661
0
0
0
0
0
0.510999
0.492909
0.510999
0
0.392744
0
0
0.510999
0.939834
0.190089
0
0.510999
0.510999
0
0
0.408279
0.510999
0
1.27453
1.27453
0.103596
0.27045
0
1.01432
0
0
0
0.323907
0
0.0200029
0.199269
1.27453
0.510999
0.212418
0
0.0307036
0.510999
0.993142
0.533806
0.614859
0
1.27453
0.510999
0.673787
1.27453
0.316893
0
0.510999
0
0.308177
0.510999
0.134642
0.510999
0.464058
0
0
0.359546
0.325718
0.322531
0
0.230492
0
1.27453
0.510999
0.297686
0
0.510999
1.27453
0.510999
0
0.228291
0
0
1.27453
0.178236
0.510999
0.686682
0.31181
0.510999
0.199817
0.132907
0
0.177864
0
0.510999
0.230016
0.510999
0.510999
0
0
1.45477
0
0
0.299831
0.366748
0
0
0
1.27453
0.510999
0.510999
1.27453
1.27453
0
0
0.510999
0
0.510999
0.428316
0
0.510999
0.175115
0.0247218
0.143463
0
0.179905
0
0.261581
0.133083
0
1.27453
0.348353
0.224552
0.510999
0.510999
0
0.510999
0.141724
0
0
0.510999
0
0
0.924211
0.510999
0
0
0.510999
0.510999
0
0.510999
0.510999
1.27453
0
0.510999
0.510999
0
0
0.171317
0.713665
0.510999
0.510999
1.27453
0.510999
0
0.217688
0.0391219
0.279569
0.189022
1.08084
0
0
0
0.510999
0.0784195
0.147112
0.510999
0
0
0
0.510999
0
0
0
0
0
0
0.345587
0
0.264422
1.27453
1.27453
0
0
0
0.510999
0
0.176796
0
0
0.510999
0.956974
0
0
0.940066
0
0
0
0.421017
0
1.27453
0.510999
0.510999
0.510999
0.510999
0.47195
0
0.510999
0.510999
0.510999
1.27453
0
0.510999
0
0
0.510999
0.465663
0
0
0.81308
0
0.510999
0.510999
0
0.912172
0.0121078
0.0526853
0.510999
0
0.0387537
0
0
0
1.27453
1.60314
0.296654
0.510999
0.230858
1.27453
1.27453
0
0.510999
0
0.510999
0
0
0.348765
0
0
0.0682661
0.510999
0.142558
0.510999
0
0.157766
1.27453
0.438658
0.510999
0
0
0
0.510999
0.0648647
0.510999
0.510999
0.251204
0
0.403446
0.222116
0.510999
0.187338
0.510999
1.27453
0
0.228185
0.510999
0
1.27453
0
0
0
0.215388
0.429615
0.510999
0.335887
0.510999
0.735346
0
0.628396
0.510999
0
0.0999881
0.0756923
0.510999
0.510999
0.348516
0.262843
0
0
0.203471
0.730013
0.510999
0
0.32582
0
0.321863
0.510999
0.510999
0.510999
0
0
0.0207189
0.851052
0.102761
0
0
0.510999
0.897359
0.883827
0.383915
0.510999
0.382075
0.510999
0.320306
0.181459
0.293401
0.510999
0
0
0.510999
0
0
0
0.0430073
0.510999
0
0.510999
1.27454
0.510999
0.236795
1.27453
0.181182
0
0.510999
0
0.223606
0.338876
0
1.43759
0.510999
0.405494
0.189741
0
0
0
0.510999
0.307111
0.510999
1.27453
0.510999
0.259138
0
1.27453
0.320895
0.510999
0.510999
0
0.510999
0
0.298034
0
0.00756025
0
0.442454
0
0.267867
0
1.0059
0.705405
0
1.27453
0.316029
0
0.510999
0
0.510999
0
0.390821
0
0.326068
0.204726
0.510999
0.470784
0
0.510999
1.27453
0
0
0.510999
0.510999
0.510999
0
0
0.510999
0.465663
0
0
0.81308
0
0.510999
0.510999
0
0.912172
0.0121078
0.0526853
0.510999
0
0.0387537
0
0
0
1.27453
1.60314
0.296654
0.510999
0.230858
1.27453
1.27453
0
0.510999
0
0.510999
0
0
0.348765
0
0
0.0682661
0
0
0
0
0
0.510999
0.492909
0.510999
0
0.392744
0
0
0.510999
0.939834
0.190089
0
0.510999
0.510999
0
0
0.408279
0.510999
0
1.27453
1.27453
0.103596
0.27045
0
1.01432
0
0
0
0.323907
0
0.0200029
0.199269
0.212418
0
0.0307036
0.510999
0.993142
0.533806
0.614859
0
1.27453
0.510999
0.673787
1.27453
0.316893
0
0.510999
0
0.308177
0.510999
0.134642
0.510999
0.464058
0
0
0.359546
0.325718
0.322531
0
0.230492
0
1.27453
0.510999
0.297686
0
0.510999
0
0.510999
0.510999
1.27453
0.510999
0
0.228291
0
0
1.27453
0.178236
0.510999
0.686682
0.31181
0.510999
0.199817
0.132907
0
0.177864
0
0.510999
0.230016
0.510999
0.510999
0
0
1.45477
0
0
0.299831
0.366748
0
0
0
1.27453
0.510999
0.510999
1.27453
1.27453
0
0
0.510999
0
0.510999
0.428316
0
0.510999
0.175115
0.0247218
0
0.261581
0.133083
0
1.27453
0.348353
0.224552
0.510999
0.510999
0
0.510999
0.141724
0
0
0.510999
0
0
0.924211
0.510999
0
0
0.510999
0.510999
0
0.510999
0.510999
1.27453
0
0.510999
0.510999
0
0
0.171317
0.713665
0.510999
0.510999
1.27453
0.510999
0
0.217688
0.0391219
0.279569
0.189022
1.08084
0
0
0
0.510999
0.0784195
0.147112
0.510999
0
0
0
0.510999
0
0
0
0
0
0
0.345587
0
0.264422
1.27453
1.27453
0
0
0
0.510999
0
0.176796
0
0
0.510999
0.956974
0
0
0.940066
0
0
0
0.421017
0
1.27453
0.510999
0.510999
0.510999
0.510999
0.47195
0
0.510999
0.510999
0.510999
1.27453
0
0.510999
0
0
0
0
0
0
0.510999
0.492909
0.510999
0
0.392744
0
0
0.510999
0.939834
0.190089
0
0.510999
0.510999
0
0
0.408279
0.510999
0
1.27453
1.27453
0.103596
0.27045
0
1.01432
0
0
0
0.323907
0
0.0200029
0.199269
1.27453
0.510999
0.142558
0.510999
0
0.157766
1.27453
0.438658
0.510999
0
0
0
0.510999
0.0648647
0.510999
0.510999
0.251204
0
0.403446
0.222116
0.510999
0.187338
0.510999
1.27453
0
0.228185
0.510999
0
1.27453
0
0
0
0.215388
0.429615
0.510999
0.335887
0.510999
0.735346
0
0.628396
0.510999
0
0.0999881
0.0756923
0.510999
0.510999
0.348516
0.262843
0
0
0.203471
0.730013
0.510999
0
0.32582
0
0.321863
0.510999
0.510999
0.510999
0
0
0.0207189
0.851052
0.102761
0
0
0.510999
0.897359
0.883827
0.383915
0.510999
0.382075
0.510999
0.320306
0.181459
0.293401
0.510999
0
0
0.510999
0
0
0
0.0430073
0.510999
0
0.510999
1.27454
0.510999
0.236795
1.27453
0.181182
0
0.510999
0
0.223606
0.338876
0
1.43759
0.510999
0.405494
0.189741
0
0
0
0.510999
0.307111
0.510999
1.27453
0.510999
0.259138
0.0237295
0
1.27453
0.320895
0.510999
0.510999
0
0.510999
0
0.298034
0
0.00756025
0
0.442454
0
0.267867
0
1.0059
0.705405
0
1.27453
0.316029
0
0.510999
0
0.510999
0
0.390821
0
0.326068
0.204726
0.510999
0.470784
0
0.510999
1.27453
0
0
0.510999
0.510999
0.510999
0
1.54753
0.510999
0
0.510999
0.465663
0
0
0.81308
0
0.510999
0.510999
0
0.912172
0.0121078
0.0526853
0.510999
0
0.0387537
0
0
0
1.27453
1.60314
0.296654
0.510999
0.230858
1.27453
1.27453
0
0.510999
0
0.510999
0
0
0.348765
0
0
0.0682661
0
0
0
0
0
0.510999
0.492909
0.510999
0
0.392744
0
0
0.510999
0.939834
0.190089
0
0.510999
0.510999
0
0
0.408279
0.510999
0
1.27453
1.27453
0.103596
0.27045
0
1.01432
0
0
0
0.323907
0
0.0200029
0.199269
1.27453
0.510999
0.212418
0
0.0307036
0.510999
0.993142
0.533806
0.614859
0
1.27453
0.510999
0.673787
1.27453
0.316893
0
0.510999
0
0.308177
0.510999
0.134642
0.510999
0.464058
0
0
0.359546
0.325718
0.322531
0
0.230492
0
1.27453
0.510999
0.297686
0
0.510999
0
0.510999
1.27453
0.510999
0
0.228291
0
0
1.27453
0.178236
0.510999
0.686682
0.31181
0.510999
0.199817
0.132907
0
0.177864
0
0.510999
0.230016
0.510999
0.510999
0
0
1.45477
0
0
0.299831
0.366748
0
0
0
1.27453
0.510999
0.510999
1.27453
1.27453
0
0
0.510999
0
0.510999
0.428316
0
0.510999
0.175115
0.0247218
0
0.261581
0.133083
0
1.27453
0.348353
0.224552
0.510999
0.510999
0
0.510999
0.141724
0
0
0.510999
0
0
0.924211
0.510999
0
0
0.510999
0.510999
0
0.510999
0.510999
1.27453
0
0.510999
0.510999
0
0
0.171317
0.713665
0.510999
0.510999
1.27453
0.510999
0
0.217688
0.0391219
0.279569
0.189022
1.08084
0
0
0
0.510999
0.0784195
0.147112
0.510999
0
0
0
0.510999
0
0
0
0
0
0
0.345587
0
0.264422
1.27453
1.27453
0
0
0
0.510999
0
0.176796
0
0
0.510999
0.956974
0
0
0.940066
0
0
0
0.421017
0
1.27453
0.510999
0.510999
0.510999
0.510999
0.47195
0
0.510999
0.510999
0.510999
1.27453
0
0.510999
0.212418
0
0.0307036
0.510999
0.993142
0.533806
0.614859
0
1.27453
0.510999
0.673787
1.27453
0.316893
0
0.510999
0
0.308177
0.510999
0.134642
0.510999
0.464058
0
0
0.359546
0.325718
0.322531
0
0.230492
0
1.27453
0.510999
0.297686
0
0.510999
0.510999
0.142558
0.510999
0
0.157766
1.27453
0.438658
0.510999
0
0
0
0.510999
0.0648647
0.510999
0.510999
0.251204
0
0.403446
0.222116
0.510999
0.187338
0.510999
1.27453
0
0.228185
0.510999
0
1.27453
0
0
0
0.215388
0.429615
0.510999
0.335887
0.510999
0.735346
0
0.628396
0.510999
0
0.0999881
0.0756923
0.510999
0.510999
0.348516
0.262843
0
0
0.203471
0.730013
0.510999
0
0.32582
0
0.321863
0.510999
0.510999
0.510999
0
0
0.0207189
0.851052
0.102761
0
0
0.510999
0.897359
0.883827
0.383915
0.510999
0.382075
0.510999
0.320306
0.181459
0.293401
0.510999
0
0
0.510999
0
0
0
0.0430073
0.510999
0
0.510999
1.27454
0.510999
0.236795
1.27453
0.181182
0
0.510999
0
0.223606
0.338876
0
1.43759
0.510999
0.405494
0.189741
0
0
0
0.510999
0.307111
0.510999
1.27453
0
1.27453
0.320895
0.510999
0.510999
0
0.510999
0
0.298034
0
0.00756025
0
0.442454
0
0.267867
0
1.0059
0.705405
0
1.27453
0.316029
0
0.510999
0
0.510999
0
0.390821
0
0.326068
0.204726
0.510999
0.470784
0
0.510999
1.27453
0
0
0.510999
0.510999
0.510999
0
1.54753
0.510999
0
0.510999
0.465663
0
0
0.81308
0
0.510999
0.510999
0
0.912172
0.0121078
0.0526853
0.510999
0
0.0387537
0
0
0
1.27453
1.60314
0.296654
0.510999
0.230858
1.27453
1.27453
0
0.510999
0
0.510999
0
0
0.348765
0
0
0.0682661
0
0
0
0
0
0.510999
0.492909
0.510999
0
0.392744
0
0
0.510999
0.939834
0.190089
0
0.510999
0.510999
0
0
0.408279
0.510999
0
1.27453
1.27453
0.103596
0.27045
0
1.01432
0
0
0
0.323907
0
0.0200029
0.199269
1.27453
0.212418
0
0.0307036
0.510999
0.993142
0.533806
0.614859
0
1.27453
0.510999
0.673787
1.27453
0.316893
0
0.510999
0
0.308177
0.510999
0.134642
0.510999
0.464058
0
0
0.359546
0.325718
0.322531
0
0.230492
0
1.27453
0.510999
0.297686
0
0.510999
1.27453
0.510999
0
0.228291
0
0
1.27453
0.178236
0.510999
0.686682
0.31181
0.510999
0.199817
0.132907
0
0.177864
0
0.510999
0.230016
0.510999
0.510999
0
0
1.45477
0
0
0.299831
0.366748
0
0
0
1.27453
0.510999
0.510999
1.27453
1.27453
0
0
0.510999
0
0.510999
0.428316
0
0.510999
0.175115
0.0247218
0
0.261581
0.133083
0
1.27453
0.348353
0.224552
0.510999
0.510999
0
0.510999
0.141724
0
0
0.510999
0
0
0.924211
0.510999
0
0
0.510999
0.510999
0
0.510999
0.510999
1.27453
0
0.510999
0.510999
0
0
0.171317
0.713665
0.510999
0.510999
1.27453
0.510999
0
0.217688
0.0391219
0.279569
0.189022
1.08084
0
0
0
0.510999
0.0784195
0.147112
0.510999
0
0
0
0.510999
0
0
0
0
0
0
0.345587
0
0.264422
1.27453
1.27453
0
0
0
0.510999
0
0.176796
0
0
0.510999
0.956974
0
0
0.940066
0
0
0
0.421017
0
1.27453
0.510999
0.510999
0.510999
0.510999
0.47195
0
0.510999
0.510999
0.510999
1.27453
0
0.510999
0
0.510999
1.27453
0.510999
0
0.228291
0
0
1.27453
0.178236
0.510999
0.686682
0.31181
0.510999
0.199817
0.132907
0
0.177864
0
0.510999
0.230016
0.510999
0.510999
0
0
1.45477
0
0
0.299831
0.366748
0
0
0
1.27453
0.510999
0.510999
1.27453
1.27453
0
0
0.510999
0
0.510999
0.428316
0
0.510999
0.175115
0.0247218
0.510999
0.142558
0.510999
0
0.157766
1.27453
0.438658
0.510999
0
0
0
0.510999
0.0648647
0.510999
0.510999
0.251204
0
0.403446
0.222116
0.510999
0.187338
0.510999
1.27453
0
0.228185
0.510999
0
1.27453
0
0
0
0.215388
0.429615
0.510999
0.335887
0.510999
0.735346
0
0.628396
0.510999
0
0.0999881
0.0756923
0.510999
0.510999
0.348516
0.262843
0
0
0.203471
0.730013
0.510999
0
0.32582
0
0.321863
0.510999
0.510999
0.510999
0
0
0.0207189
0.851052
0.102761
0
0
0.510999
0.897359
0.883827
0.383915
0.510999
0.382075
0.510999
0.320306
0.181459
0.293401
0.510999
0
0
0.510999
0
0
0
0.0430073
0.510999
0
0.510999
1.27454
0.510999
0.236795
1.27453
0.181182
0
0.510999
0
0.223606
0.338876
0
1.43759
0.510999
0.405494
0.189741
0
0
0
0.510999
0.307111
0.510999
1.27453
0.510999
0
1.27453
0.320895
0.510999
0.510999
0
0.510999
0
0.298034
0
0.00756025
0
0.442454
0
0.267867
0
1.0059
0.705405
0
1.27453
0.316029
0
0.510999
0
0.510999
0
0.390821
0
0.326068
0.204726
0.510999
0.470784
0
0.510999
1.27453
0
0
0.510999
0.510999
0.510999
0
1.54753
0.510999
0
0.510999
0.465663
0
0
0.81308
0
0.510999
0.510999
0
0.912172
0.0121078
0.0526853
0.510999
0
0.0387537
0
0
0
1.27453
1.60314
0.296654
0.510999
0.230858
1.27453
1.27453
0
0.510999
0
0.510999
0
0
0.348765
0
0
0.0682661
0
0
0
0
0
0.510999
0.492909
0.510999
0
0.392744
0
0
0.510999
0.939834
0.190089
0
0.510999
0.510999
0
0
0.408279
0.510999
0
1.27453
1.27453
0.103596
0.27045
0
1.01432
0
0
0
0.323907
0
0.0200029
0.199269
1.27453
0.212418
0
0.0307036
0.510999
0.993142
0.533806
0.614859
0
1.27453
0.510999
0.673787
1.27453
0.316893
0
0.510999
0
0.308177
0.510999
0.134642
0.510999
0.464058
0
0
0.359546
0.325718
0.322531
0
0.230492
0
1.27453
0.510999
0.297686
0.510999
1.27453
0.510999
0
0.228291
0
0
1.27453
0.178236
0.510999
0.686682
0.31181
0.510999
0.199817
0.132907
0
0.177864
0
0.510999
0.230016
0.510999
0.510999
0
0
1.45477
0
0
0.299831
0.366748
0
0
0
1.27453
0.510999
0.510999
1.27453
1.27453
0
0
0.510999
0
0.510999
0.428316
0
0.510999
0.175115
0
0.261581
0.133083
0
1.27453
0.348353
0.224552
0.510999
0.510999
0
0.510999
0.141724
0
0
0.510999
0
0
0.924211
0.510999
0
0
0.510999
0.510999
0
0.510999
0.510999
1.27453
0
0.510999
0.510999
0
0
0.171317
0.713665
0.510999
0.510999
1.27453
0.510999
0
0.217688
0.0391219
0.279569
0.189022
1.08084
0
0
0
0.510999
0.0784195
0.147112
0.510999
0
0
0
0.510999
0
0
0
0
0
0
0.345587
0
0.264422
1.27453
1.27453
0
0
0
0.510999
0
0.176796
0
0
0.510999
0.956974
0
0
0.940066
0
0
0
0.421017
0
1.27453
0.510999
0.510999
0.510999
0.510999
0.47195
0
0.510999
0.510999
0.510999
1.27453
0
0.510999
0
0
0.261581
0.133083
0
1.27453
0.348353
0.224552
0.510999
0.510999
0
0.510999
0.141724
0
0
0.510999
0
0
0.924211
0.510999
0
0
0.510999
0.510999
0
0.510999
0.510999
1.27453
0
0.510999
0.510999
0
0
0.171317
0.713665
0.510999
0.510999
1.27453
0.510999
0
0.217688
0.0391219
0.279569
0.189022
1.08084
0
0
0
0.510999
0.0784195
0.147112
0.510999
0.142558
0.510999
0
0.157766
1.27453
0.438658
0.510999
0
0
0
0.510999
0.0648647
0.510999
0.510999
0.251204
0
0.403446
0.222116
0.510999
0.187338
0.510999
1.27453
0
0.228185
0.510999
0
1.27453
0
0.177471
0
0
0.215388
0.429615
0.510999
0.335887
0.510999
0.735346
0
0.628396
0.510999
0
0.0999881
0.0756923
0.510999
0.510999
0.348516
0.262843
0
0
0.203471
0.730013
0.510999
0
0.32582
0
0.321863
0.510999
0.510999
0.510999
0
0
0.0207189
0.851052
0.102761
0
0
0.510999
0.897359
0.883827
0.383915
0.382075
0.510999
0.320306
0.181459
0.293401
0.510999
0
0
0.510999
0
0
0
0.0430073
0.510999
0
0.510999
1.27454
0.510999
0.236795
1.27453
0.181182
0
0.510999
0
0.223606
0.338876
0
1.43759
0.510999
0.405494
0.189741
0
0
0
0.510999
0.307111
0.510999
1.27453
0.510999
0.259138
0.0237295
0
1.27453
0.320895
0.510999
0.510999
0
0.510999
0
0.298034
0
0.00756025
0
0.442454
0
0.267867
0
1.0059
0.705405
0
1.27453
0.316029
0
0.510999
0
0.510999
0
0.390821
0
0.326068
0.204726
0.510999
0.470784
0
0.510999
1.27453
0
0
0.510999
0.510999
0.510999
0
1.54753
0.510999
0.826421
0
0.510999
0.465663
0
0
0.81308
0
0.510999
0.510999
0
0.912172
0.0121078
0.0526853
0.510999
0
0.0387537
0
0
0
1.27453
1.60314
0.296654
0.510999
0.230858
1.27453
1.27453
0
0.510999
0
0.510999
0
0
0.348765
0
0
0.0682661
0.510999
0.510999
0
0
0
0
0
0.510999
0.492909
0.510999
0
0.392744
0
0
0.510999
0.939834
0.190089
0
0.510999
0.510999
0
0
0.408279
0.510999
0
1.27453
1.27453
0.103596
0.27045
0
1.01432
0
0
0
0.323907
0
0.0200029
0.199269
1.27453
0.212418
0
0.0307036
0.510999
0.993142
0.533806
0.614859
0
1.27453
0.510999
0.673787
1.27453
0.316893
0
0.510999
0
0.308177
0.510999
0.134642
0.510999
0.464058
0
0
0.359546
0.325718
0.322531
0
0.230492
0
1.27453
0.510999
0.297686
0
0.510999
1.27453
0.510999
0
0.228291
0
0
1.27453
0.178236
0.510999
0.686682
0.31181
0.510999
0.199817
0.132907
0
0.177864
0
0.510999
0.230016
0.510999
0.510999
0
0
1.45477
0
0
0.299831
0.366748
0
0
0
1.27453
0.510999
0.510999
1.27453
1.27453
0
0
0.510999
0
0.510999
0.428316
0
0.510999
0.175115
0.0247218
0
0.261581
0.133083
0
1.27453
0.348353
0.224552
0.510999
0.510999
0
0.510999
0.141724
0
0
0.510999
0
0
0.924211
0.510999
0
0
0.510999
0.510999
0
0.510999
0.510999
1.27453
0
0.510999
0.510999
0
0
0.171317
0.713665
0.510999
0.510999
1.27453
0.510999
0
0.217688
0.0391219
0.279569
0.189022
1.08084
0
0
0
0.510999
0.0784195
0.147112
0.510999
0
0
0
0.510999
0
0
0
0
0
0
0.345587
0
0.264422
1.27453
1.27453
0
0
0
0.510999
0
0.176796
0
0
0.510999
0.956974
0
0
0.940066
0
0
0
0.421017
0
1.27453
0.510999
0.510999
0.510999
0.510999
0.47195
0
0.510999
0.510999
0.510999
1.27453
0
0.510999
0
0.510999
0
0
0
0.510999
0
0
0
0
0
0
0.345587
0
0.264422
1.27453
1.27453
0
0
0
0.510999
0
0.176796
0
0
0.510999
0.956974
0
0
0.940066
0
0
0
0.421017
0
1.27453
0.510999
0.510999
0.510999
0.510999
0.47195
0
0.510999
0.510999
0.510999
1.27453
0
0.510999
0
