0.702901
0.595188
0
0.236439
0
0
0.510999
0.166118
0.202875
0
0
0
0
0
0
0
0.510999
1.27453
0
0
0
0.281764
0.510999
0
0.228527
0.183911
1.09013
0.330446
0.510999
0.0737048
0.510999
0.510999
0.510999
0.702901
0.595188
0
0.236439
0
0
0.510999
0.166118
0.202875
0
0
0
0
0
0
0
0.510999
1.27453
0
0
0
0.281764
0.510999
0
0.228527
0.183911
1.09013
0.330446
0.510999
0.0737048
0.510999
0.510999
0.510999
0
0.203948
0.219604
0
0
0
0.441457
0
0
0.617475
0.510999
0.510999
0.328416
0
0
0.510999
0
0
0
0.0227674
0.113479
1.27453
0
0
0.283564
0.510999
0
0
0
0
0
0.510999
0.510999
0.510999
0
0.346864
0
0
0
0.510999
0
0
0.421222
0.510999
0.399831
0.510999
1.27453
0
0.510999
0
0.510999
0.510999
0
0
0.510999
0
0
0.132354
0
0
0
0.858801
0
0.302218
0.241087
0.510999
0.510999
0.411072
0.50071
0
0.292156
0.510999
0
0.26253
0
0.295532
0.510999
0.510999
0.668711
0
0
0
1.27453
0.294652
0
0.729257
0.510999
0
0.420884
0.510999
0.183183
0.510999
0.176461
0.955146
0
0.249117
0
0.214266
0
0.510999
0.510999
0
0.510999
0
0
0
0.510999
0
0.510999
0.510999
0.510999
0
0.350317
0.179767
0.205976
0
0
0
0.146154
0.314098
0
0.233864
0
0
0.510999
1.27453
0
0.471529
0.313185
0.25382
0.510999
0
0
0.260509
0.539063
0.315314
0.542027
1.27453
0.510999
0
0.264287
1.27453
0
0.510999
0.211651
0
0
1.27453
0
0.510999
0.510999
0.122703
0
0.510999
0
1.27453
0.510999
0.510999
0.106426
0.510999
1.27451
0.510999
1.27453
0.510999
0
0
0
0.510999
0
0.100553
0
1.27453
0
0
0
0.510999
0
0.229688
0
0
0
0.510999
0.322606
0
0
0.510999
0.510999
0
0.218522
1.78553
0.510999
0.510999
0.235132
0.510999
0.0529042
0.145261
1.27453
0
0.432458
0.22473
0
0.510999
0.510999
0.324175
0.510999
0.510999
0.510999
0.224503
1.05136
0.0396811
0.079432
0
1.27453
0.224715
0.0342235
0.669986
0.229696
0
0.510999
0
1.07891
0.192706
0.0206287
0.510999
0.210556
0.325219
0
0.865375
0
0.237504
0.235127
0
0.510999
0
1.27453
0.510999
0
0.246354
0.368135
0.220257
0
0.207163
0
0.510999
0.307135
0.510999
0.510999
0.141816
0
1.27453
0
0
0.312423
0.510999
0.510999
0.510999
0
0.408971
0.510999
0
0.293271
0.612944
0.510999
0.266405
0
0
1.27453
0.510999
0
0.510999
0.399336
0.408978
0.252281
0
1.27455
0.510999
0.264886
0.665061
0.510999
0.510999
0.510999
0.510999
0.510999
0.510999
0.115976
0.510999
0.510999
1.27453
0.367303
0.215789
1.78553
0
0
0
0
0.510999
1.27453
0.510999
0.505694
0
0
0
0
0.232899
0.379405
0.236345
0.0582849
0
0
0.152678
0
0.510999
0
0
0.176119
0.117472
0.180558
0
0.901854
0
0.300585
0.356437
0
1.27453
0
0.4403
0
0.55252
0.510999
0.510999
0
0
0
0
0.510999
1.5162
1.27453
0
1.27452
0.510999
0.0295388
0.18393
0
0.0789816
0.18172
0
0
0.374036
0
1.27453
0
0
0.510999
0.510999
0.236076
0
0
1.27453
0.259005
0.446892
0.510999
0.256907
0.148972
0.510999
1.27453
0.510999
0
0.510999
0.510999
0.828418
0
0.000993026
0.510999
0
0.202172
0.313959
1.27453
0
0.510999
1.27453
0
0.203948
0.219604
0
0
0
0.441457
0
0
0.617475
0.510999
0.510999
0.328416
0
0
0.510999
0
0
0
0.0227674
0.113479
1.27453
0
0
0.283564
0.510999
0
0
0
0
0
0.510999
0.510999
0.510999
0
0.346864
0
0
0
0.510999
0.702901
0.595188
0
0.236439
0
0
0.510999
0.166118
0.202875
0
0
0
0
0
0
0
0.510999
1.27453
0
0
0
0.281764
0.510999
0
0.228527
0.183911
1.09013
0.330446
0.510999
0.0737048
0.510999
0.510999
0.510999
0.510999
0
0.203948
0.219604
0
0
0
0.441457
0
0
0.617475
0.510999
0.510999
0.328416
0
0
0.510999
0
0
0
0.0227674
0.113479
1.27453
0
0
0.283564
0.510999
0
0
0
0
0
0.510999
0.510999
0.510999
0
0.346864
0
0
0
0.510999
0
0
0.421222
0.510999
0.399831
0.510999
1.27453
0
0.510999
0
0.510999
0.510999
0
0
0.510999
0
0
0.132354
0
0
0
0.858801
0
0.302218
0.241087
0.510999
0.510999
0.411072
0.50071
0
0.292156
0.510999
0
0.26253
0
0.295532
0.510999
0.510999
0.221231
0.668711
0
0
0
1.27453
0.294652
0
0.729257
0.510999
0
0.420884
0.510999
0.183183
0.510999
0.176461
0.955146
0
0.249117
0
0.214266
0
0.510999
0.510999
0
0.510999
0
0
0
0.510999
0
0.510999
0.510999
0.510999
0
0.350317
0.179767
0.205976
0
0
0
0.146154
0.314098
0
0.233864
0
0
0.510999
1.27453
0
0.471529
0.313185
0.25382
0.510999
0
0
0.260509
0.539063
0.315314
0.542027
1.27453
0.510999
0
0.264287
1.27453
0
0.510999
0.211651
0
0
1.27453
0
0.510999
0.510999
0.122703
0
0.510999
0
1.27453
0.510999
0.510999
0.106426
0.510999
1.27451
0.510999
1.27453
0.510999
0
0
0
0.510999
0
0.100553
0
1.27453
0
0
0
0.510999
0
0.229688
0
0
0
0.510999
0.322606
0
0
0.510999
0.510999
0
0.218522
1.78553
0.510999
0.510999
0.235132
0.510999
0.0529042
0.145261
0
1.27453
0
0.432458
0.22473
0
0.510999
0.510999
0.324175
0.510999
0.510999
0.510999
0.224503
1.05136
0.0396811
0.079432
0
1.27453
0.224715
0.0342235
0.669986
0.229696
0
0.510999
0
1.07891
0.192706
0.0206287
0.510999
0.210556
0.325219
0
0.865375
0
0.237504
0.235127
0
0.510999
0
1.27453
0.510999
0
0.246354
0.368135
0.220257
0
0.207163
0
0.510999
0.147919
0
0.307135
0.510999
0.510999
0.141816
0
1.27453
0
0
0.312423
0.510999
0.510999
0.510999
0
0.408971
0.510999
0
0.293271
0.612944
0.510999
0.266405
0
0
1.27453
0.510999
0
0.510999
0.399336
0.408978
0.252281
0
1.27455
0.510999
0.264886
0.665061
0.510999
0.510999
0.510999
0.510999
0.510999
0.510999
0.115976
0.510999
0.510999
1.27453
0.367303
0.215789
1.78553
0
0
0
0
0.510999
1.27453
0.510999
0.505694
0
0
0
0
0.232899
0.379405
0.236345
0.0582849
0
0
0.152678
0
0.510999
0
0
0.176119
0.117472
0.180558
0
0.901854
0
0.300585
0.356437
0
1.27453
0
0.4403
0
0.55252
0.510999
0.510999
0
0
0
0
0.510999
1.5162
1.27453
0
1.27452
0.510999
0.0295388
0.18393
0
0.0789816
0.18172
0
0
0.374036
0
1.27453
0
0
0.510999
0.510999
0.236076
0
0
1.27453
0.259005
0.446892
0.510999
0.256907
0.148972
0.510999
1.27453
0.510999
0
0.510999
0.510999
0.828418
0
0.000993026
0.510999
0
0.202172
0.313959
1.27453
0
0.510999
1.27453
0
0.421222
0.510999
0.399831
0.510999
1.27453
0
0.510999
0
0.510999
0.510999
0
0
0.510999
0
0
0.132354
0
0
0
0.858801
0
0.302218
0.241087
0.510999
0.510999
0.411072
0.50071
0
0.292156
0.510999
0
0.26253
0
0.295532
0.510999
0.510999
0.702901
0.595188
0
0.236439
0
0
0.510999
0.166118
0.202875
0
0
0
0
0
0
0
0.510999
1.27453
0
0
0
0.281764
0.510999
0
0.228527
0.183911
1.09013
0.330446
0.510999
0.0737048
0.510999
0.510999
0
0.203948
0.219604
0
0
0
0.441457
0
0
0.617475
0.510999
0.510999
0.328416
0
0
0.510999
0
0
0
0.0227674
0.113479
1.27453
0
0
0.283564
0.510999
0
0
0
0
0
0.510999
0.510999
0.510999
0
0.346864
0
0
0
0
0.421222
0.510999
0.399831
0.510999
1.27453
0
0.510999
0
0.510999
0.510999
0
0
0.510999
0
0
0.132354
0
0
0
0.858801
0
0.302218
0.241087
0.510999
0.510999
0.411072
0.50071
0
0.292156
0.510999
0
0.26253
0
0.295532
0.510999
0.510999
0.221231
0.668711
0
0
0
1.27453
0.294652
0
0.729257
0.510999
0
0.420884
0.510999
0.183183
0.510999
0.176461
0.955146
0
0.249117
0
0.214266
0
0.510999
0.510999
0
0.510999
0
0
0
0.510999
0
0.510999
0.510999
0.510999
0
0.350317
0.179767
0.205976
0
0
0
0.146154
0.314098
0
0.233864
0
0
0.510999
1.27453
0
0.471529
0.313185
0.25382
0.510999
0
0
0.260509
0.539063
0.315314
0.542027
1.27453
0.510999
0
0.264287
1.27453
0
0.510999
0.211651
0
0
1.27453
0
0.510999
0.510999
0.122703
0
0
1.27453
0.510999
0.510999
0.106426
0.510999
1.27451
0.510999
1.27453
0.510999
0
0
0
0.510999
0
0.100553
0
1.27453
0
0
0
0.510999
0
0.229688
0
0
0
0.510999
0.322606
0
0
0.510999
0.510999
0
0.218522
1.78553
0.510999
0.510999
0.235132
0.510999
0.0529042
1.27453
0
0.432458
0.22473
0
0.510999
0.510999
0.324175
0.510999
0.510999
0.510999
0.224503
1.05136
0.0396811
0.079432
0
1.27453
0.224715
0.0342235
0.669986
0.229696
0
0.510999
0
1.07891
0.192706
0.0206287
0.510999
0.210556
0.325219
0
0.865375
0
0.237504
0.235127
0
0.510999
0
1.27453
0.510999
0
0.246354
0.368135
0.220257
0
0.207163
0
0.510999
0.147919
0.307135
0.510999
0.510999
0.141816
0
1.27453
0
0
0.312423
0.510999
0.510999
0.510999
0
0.408971
0.510999
0
0.293271
0.612944
0.510999
0.266405
0
0
1.27453
0.510999
0
0.510999
0.399336
0.408978
0.252281
0
1.27455
0.510999
0.264886
0.665061
0.510999
0.510999
0.510999
0.510999
0.510999
0.510999
0.115976
0.510999
0.510999
1.27453
0.367303
0.215789
1.78553
0
0
0
0
0.510999
1.27453
0.510999
0.505694
0
0
0
0
0.232899
0.379405
0.236345
0.0582849
0
0
0.152678
0
0.510999
0
0
0.176119
0.117472
0.180558
0
0.901854
0
0.300585
0.356437
0
1.27453
0
0.4403
0
0.55252
0.510999
0.510999
0
0
0
0
0.510999
1.5162
1.27452
0.510999
0.0295388
0.18393
0
0.0789816
0.18172
0
0
0.374036
0
1.27453
0
0
0.510999
0.510999
0.236076
0
0
1.27453
0.259005
0.446892
0.510999
0.256907
0.148972
0.510999
1.27453
0.510999
0
0.510999
0.510999
0.828418
0
0.000993026
0.510999
0
0.202172
0.313959
1.27453
0
0.510999
1.27453
0.668711
0
0
0
1.27453
0.294652
0
0.729257
0.510999
0
0.420884
0.510999
0.183183
0.510999
0.176461
0.955146
0
0.249117
0
0.214266
0
0.510999
0.510999
0
0.510999
0
0
0
0.510999
0
0.510999
0.510999
0.510999
0
0.350317
0.179767
0.205976
0
0
0
0.510999
0.702901
0.595188
0
0.236439
0
0
0.510999
0.166118
0.202875
0
0
0
0
0
0
0
0.510999
1.27453
0
0
0
0.281764
0.510999
0
0.228527
0.183911
1.09013
0.330446
0.510999
0.0737048
0.510999
0.510999
0.510999
0
0.203948
0.219604
0
0
0
0.441457
0
0
0.617475
0.510999
0.510999
0.328416
0
0
0.510999
0
0
0
0.0227674
0.113479
1.27453
0
0
0.283564
0.510999
0
0
0
0
0
0.510999
0.510999
0.510999
0
0.346864
0
0
0
0.510999
0
0
0.421222
0.510999
0.399831
0.510999
1.27453
0
0.510999
0
0.510999
0.510999
0
0
0.510999
0
0
0.132354
0
0
0
0.858801
0
0.302218
0.241087
0.510999
0.510999
0.411072
0.50071
0
0.292156
0.510999
0
0.26253
0
0.295532
0.510999
0.510999
0.668711
0
0
0
1.27453
0.294652
0
0.729257
0.510999
0
0.420884
0.510999
0.183183
0.510999
0.176461
0.955146
0
0.249117
0
0.214266
0
0.510999
0.510999
0
0.510999
0
0
0
0.510999
0
0.510999
0.510999
0.510999
0
0.350317
0.179767
0.205976
0
0
0
0.510999
0.146154
0.314098
0
0.233864
0
0
0.510999
1.27453
0
0.471529
0.313185
0.25382
0.510999
0
0
0.260509
0.539063
0.315314
0.542027
1.27453
0.510999
0
0.264287
1.27453
0
0.510999
0.211651
0
0
1.27453
0
0.510999
0.510999
0.122703
0
0
1.27453
0.510999
0.510999
0.106426
0.510999
1.27451
0.510999
1.27453
0.510999
0
0
0
0.510999
0
0.100553
0
1.27453
0
0
0
0.510999
0
0.229688
0
0
0
0.510999
0.322606
0
0
0.510999
0.510999
0
0.218522
1.78553
0.510999
0.510999
0.235132
0.510999
0.0529042
0.145261
0
1.27453
0
0.432458
0.22473
0
0.510999
0.510999
0.324175
0.510999
0.510999
0.510999
0.224503
1.05136
0.0396811
0.079432
0
1.27453
0.224715
0.0342235
0.669986
0.229696
0
0.510999
0
1.07891
0.192706
0.0206287
0.510999
0.210556
0.325219
0
0.865375
0
0.237504
0.235127
0
0.510999
0
1.27453
0.510999
0
0.246354
0.368135
0.220257
0
0.207163
0
0.510999
0.307135
0.510999
0.510999
0.141816
0
1.27453
0
0
0.312423
0.510999
0.510999
0.510999
0
0.408971
0.510999
0
0.293271
0.612944
0.510999
0.266405
0
0
1.27453
0.510999
0
0.510999
0.399336
0.408978
0.252281
0
1.27455
0.510999
0.264886
0.665061
0.510999
0.510999
0.510999
0.510999
0.510999
0.510999
0.115976
0.510999
0.510999
1.27453
0.367303
0.215789
1.78553
0
0
0
0
0.510999
1.27453
0.510999
0.505694
0
0
0
0
0.232899
0.379405
0.236345
0.0582849
0
0
0.152678
0
0.510999
0
0
0.176119
0.117472
0.180558
0
0.901854
0
0.300585
0.356437
0
1.27453
0
0.4403
0
0.55252
0.510999
0.510999
0
0
0
0
0.510999
1.27452
0.510999
0.0295388
0.18393
0
0.0789816
0.18172
0
0
0.374036
0
1.27453
0
0
0.510999
0.510999
0.236076
0
0
1.27453
0.259005
0.446892
0.510999
0.256907
0.148972
0.510999
1.27453
0.510999
0
0.510999
0.510999
0.828418
0
0.000993026
0.510999
0
0.202172
0.313959
1.27453
0
0.510999
1.27453
0.146154
0.314098
0
0.233864
0
0
0.510999
1.27453
0
0.471529
0.313185
0.25382
0.510999
0
0
0.260509
0.539063
0.315314
0.542027
1.27453
0.510999
0
0.264287
1.27453
0
0.510999
0.211651
0
0
1.27453
0
0.510999
0.510999
0.122703
0
0.702901
0.595188
0
0.236439
0
0
0.510999
0.166118
0.202875
0
0
0
0
0
0
0
0.510999
1.27453
0
0
0
0.281764
0.510999
0
0.228527
0.183911
1.09013
0.330446
0.510999
0.0737048
0.510999
0.510999
0.510999
0
0.203948
0.219604
0
0
0
0.441457
0
0
0.617475
0.510999
0.510999
0.328416
0
0
0.510999
0
0
0
0.0227674
0.113479
1.27453
0
0
0.283564
0.510999
0
0
0
0
0
0.510999
0.510999
0.510999
0
0.346864
0
0
0
0.510999
0
0
0.421222
0.510999
0.399831
0.510999
1.27453
0
0.510999
0
0.510999
0.510999
0
0
0.510999
0
0
0.132354
0
0
0
0.858801
0
0.302218
0.241087
0.510999
0.510999
0.411072
0.50071
0
0.292156
0.510999
0
0.26253
0
0.295532
0.510999
0.510999
0.668711
0
0
0
1.27453
0.294652
0
0.729257
0.510999
0
0.420884
0.510999
0.183183
0.510999
0.176461
0.955146
0
0.249117
0
0.214266
0
0.510999
0.510999
0
0.510999
0
0
0
0.510999
0
0.510999
0.510999
0.510999
0
0.350317
0.179767
0.205976
0
0
0
0.146154
0.314098
0
0.233864
0
0
0.510999
1.27453
0
0.471529
0.313185
0.25382
0.510999
0
0
0.260509
0.539063
0.315314
0.542027
1.27453
0.510999
0
0.264287
1.27453
0
0.510999
0.211651
0
0
1.27453
0
0.510999
0.510999
0.122703
0
1.27453
0.510999
0.510999
0.106426
0.510999
1.27451
0.510999
1.27453
0.510999
0
0
0
0.510999
0
0.100553
0
1.27453
0
0
0
0.510999
0
0.229688
0
0
0
0.510999
0.322606
0
0
0.510999
0.510999
0
0.218522
1.78553
0.510999
0.510999
0.235132
0.510999
1.27453
0
0.432458
0.22473
0
0.510999
0.510999
0.324175
0.510999
0.510999
0.510999
0.224503
1.05136
0.0396811
0.079432
0
1.27453
0.224715
0.0342235
0.669986
0.229696
0
0.510999
0
1.07891
0.192706
0.0206287
0.510999
0.210556
0.325219
0
0.865375
0
0.237504
0.235127
0
0.510999
0
1.27453
0.510999
0
0.246354
0.368135
0.220257
0
0.207163
0
0.510999
0.147919
0.307135
0.510999
0.510999
0.141816
0
1.27453
0
0
0.312423
0.510999
0.510999
0.510999
0
0.408971
0.510999
0
0.293271
0.612944
0.510999
0.266405
0
0
1.27453
0.510999
0
0.510999
0.399336
0.408978
0.252281
0
1.27455
0.510999
0.264886
0.665061
0.510999
0.510999
0.510999
0.510999
0.510999
0.510999
0.115976
0.510999
1.27453
0.367303
0.215789
1.78553
0
0
0
0
0.510999
1.27453
0.510999
0.505694
0
0
0
0
0.232899
0.379405
0.236345
0.0582849
0
0
0.152678
0
0.510999
0
0
0.176119
0.117472
0.180558
0
0.901854
0
0.300585
0.356437
0
1.27453
0
0.4403
0
0.55252
0.510999
0.510999
0
0
0
0
0.510999
1.27452
0.510999
0.0295388
0.18393
0
0.0789816
0.18172
0
0
0.374036
0
1.27453
0
0
0.510999
0.510999
0.236076
0
0
1.27453
0.259005
0.446892
0.510999
0.256907
0.148972
0.510999
1.27453
0.510999
0
0.510999
0.510999
0.828418
0
0.000993026
0.510999
0
0.202172
0.313959
1.27453
0
0.510999
1.27453
0
1.27453
0.510999
0.510999
0.106426
0.510999
1.27451
0.510999
1.27453
0.510999
0
0
0
0.510999
0
0.100553
0
1.27453
0
0
0
0.510999
0
0.229688
0
0
0
0.510999
0.322606
0
0
0.510999
0.510999
0
0.218522
1.78553
0.510999
0.510999
0.235132
0.510999
0.702901
0.595188
0
0.236439
0
0
0.510999
0.166118
0.202875
0
0
0
0
0
0
0
0.510999
1.27453
0
0
0
0.281764
0.510999
0
0.228527
0.183911
1.09013
0.330446
0.510999
0.0737048
0.510999
0.510999
0.510999
0.510999
0
0
0.203948
0.219604
0
0
0
0.441457
0
0
0.617475
0.510999
0.510999
0.328416
0
0
0.510999
0
0
0
0.0227674
0.113479
1.27453
0
0
0.283564
0.510999
0
0
0
0
0
0.510999
0.510999
0.510999
0
0.346864
0
0
0
0.510999
0
0
0.421222
0.510999
0.399831
0.510999
1.27453
0
0.510999
0
0.510999
0.510999
0
0
0.510999
0
0
0.132354
0
0
0
0.858801
0
0.302218
0.241087
0.510999
0.510999
0.411072
0.50071
0
0.292156
0.510999
0
0.26253
0
0.295532
0.510999
0.510999
0.221231
0.668711
0
0
0
1.27453
0.294652
0
0.729257
0.510999
0
0.420884
0.510999
0.183183
0.510999
0.176461
0.955146
0
0.249117
0
0.214266
0
0.510999
0.510999
0
0.510999
0
0
0
0.510999
0
0.510999
0.510999
0.510999
0
0.350317
0.179767
0.205976
0
0
0
0.510999
0.146154
0.314098
0
0.233864
0
0
0.510999
1.27453
0
0.471529
0.313185
0.25382
0.510999
0
0
0.260509
0.539063
0.315314
0.542027
1.27453
0.510999
0
0.264287
1.27453
0
0.510999
0.211651
0
0
1.27453
0
0.510999
0.510999
0.122703
0
0
1.27453
0.510999
0.510999
0.106426
0.510999
1.27451
0.510999
1.27453
0.510999
0
0
0
0.510999
0
0.100553
0
1.27453
0
0
0
0.510999
0
0.229688
0
0
0
0.510999
0.322606
0
0
0.510999
0.510999
0
0.218522
1.78553
0.510999
0.510999
0.235132
0.510999
0.0529042
0.145261
1.27453
0
0.432458
0.22473
0
0.510999
0.510999
0.324175
0.510999
0.510999
0.510999
0.224503
1.05136
0.0396811
0.079432
0
1.27453
0.224715
0.0342235
0.669986
0.229696
0
0.510999
0
1.07891
0.192706
0.0206287
0.510999
0.210556
0.325219
0
0.865375
0
0.237504
0.235127
0
0.510999
0
1.27453
0.510999
0
0.246354
0.368135
0.220257
0
0.207163
0
0.510999
0.147919
0.307135
0.510999
0.510999
0.141816
0
1.27453
0
0
0.312423
0.510999
0.510999
0.510999
0
0.408971
0.510999
0
0.293271
0.612944
0.510999
0.266405
0
0
1.27453
0.510999
0
0.510999
0.399336
0.408978
0.252281
0
1.27455
0.510999
0.264886
0.665061
0.510999
0.510999
0.510999
0.510999
0.510999
0.510999
0.115976
0.510999
0.510999
1.27453
0.367303
0.215789
1.78553
0
0
0
0
0.510999
1.27453
0.510999
0.505694
0
0
0
0
0.232899
0.379405
0.236345
0.0582849
0
0
0.152678
0
0.510999
0
0
0.176119
0.117472
0.180558
0
0.901854
0
0.300585
0.356437
0
1.27453
0
0.4403
0
0.55252
0.510999
0.510999
0
0
0
0
0.510999
1.5162
1.27453
0
1.27452
0.510999
0.0295388
0.18393
0
0.0789816
0.18172
0
0
0.374036
0
1.27453
0
0
0.510999
0.510999
0.236076
0
0
1.27453
0.259005
0.446892
0.510999
0.256907
0.148972
0.510999
1.27453
0.510999
0
0.510999
0.510999
0.828418
0
0.000993026
0.510999
0
1.27453
0
0.432458
0.22473
0
0.510999
0.510999
0.324175
0.510999
0.510999
0.510999
0.224503
1.05136
0.0396811
0.079432
0
1.27453
0.224715
0.0342235
0.669986
0.229696
0
0.510999
0
1.07891
0.192706
0.0206287
0.510999
0.210556
0.325219
0
0.865375
0
0.237504
0.235127
0
0.510999
0
1.27453
0.510999
0
0.246354
0.368135
0.220257
0
0.207163
0
0.510999
0.702901
0.595188
0
0.236439
0
0
0.510999
0.166118
0.202875
0
0
0
0
0
0
0
0.510999
1.27453
0
0
0
0.281764
0.510999
0
0.228527
0.183911
1.09013
0.330446
0.510999
0
0.203948
0.219604
0
0
0
0.441457
0
0
0.617475
0.510999
0.510999
0.328416
0
0
0.510999
0
0
0
0.0227674
0.113479
1.27453
0
0
0.283564
0.510999
0
0
0
0
0
0.510999
0.510999
0.510999
0
0.346864
0
0
0
0.510999
0
0
0.421222
0.510999
0.399831
0.510999
1.27453
0
0.510999
0
0.510999
0.510999
0
0
0.510999
0
0
0.132354
0
0
0
0.858801
0
0.302218
0.241087
0.510999
0.510999
0.411072
0.50071
0
0.292156
0.510999
0
0.26253
0
0.295532
0.668711
0
0
0
1.27453
0.294652
0
0.729257
0.510999
0
0.420884
0.510999
0.183183
0.510999
0.176461
0.955146
0
0.249117
0
0.214266
0
0.510999
0.510999
0
0.510999
0
0
0
0.510999
0
0.510999
0.510999
0.510999
0
0.350317
0.179767
0.205976
0
0
0
0.510999
0.146154
0.314098
0
0.233864
0
0
0.510999
1.27453
0
0.471529
0.313185
0.25382
0.510999
0
0
0.260509
0.539063
0.315314
0.542027
1.27453
0.510999
0
0.264287
1.27453
0
0.510999
0.211651
0
0
1.27453
0
0.510999
0.510999
0.122703
0
0
1.27453
0.510999
0.510999
0.106426
0.510999
1.27451
0.510999
1.27453
0.510999
0
0
0
0.510999
0
0.100553
0
1.27453
0
0
0
0.510999
0
0.229688
0
0
0
0.510999
0.322606
0
0
0.510999
0.510999
0
0.218522
1.78553
0.510999
0.510999
0.235132
0.510999
1.27453
0
0.432458
0.22473
0
0.510999
0.510999
0.324175
0.510999
0.510999
0.510999
0.224503
1.05136
0.0396811
0.079432
0
1.27453
0.224715
0.0342235
0.669986
0.229696
0
0.510999
0
1.07891
0.192706
0.0206287
0.510999
0.210556
0.325219
0
0.865375
0
0.237504
0.235127
0
0.510999
0
1.27453
0.510999
0
0.246354
0.368135
0.220257
0
0.207163
0
0.510999
0.307135
0.510999
0.510999
0.141816
0
1.27453
0
0
0.312423
0.510999
0.510999
0.510999
0
0.408971
0.510999
0
0.293271
0.612944
0.510999
0.266405
0
0
1.27453
0.510999
0
0.510999
0.399336
0.408978
0.252281
0
1.27455
0.510999
0.264886
0.665061
0.510999
0.510999
0.510999
0.510999
0.510999
0.510999
0.115976
0.510999
1.27453
0.367303
0.215789
1.78553
0
0
0
0
0.510999
1.27453
0.510999
0.505694
0
0
0
0
0.232899
0.379405
0.236345
0.0582849
0
0
0.152678
0
0.510999
0
0
0.176119
0.117472
0.180558
0
0.901854
0
0.300585
0.356437
0
1.27453
0
0.4403
0
0.55252
0.510999
0.510999
0
0
0
0
0.510999
1.5162
1.27453
0
1.27452
0.510999
0.0295388
0.18393
0
0.0789816
0.18172
0
0
0.374036
0
1.27453
0
0
0.510999
0.510999
0.236076
0
0
1.27453
0.259005
0.446892
0.510999
0.256907
0.148972
0.510999
1.27453
0.510999
0
0.510999
0.510999
0.828418
0
0.000993026
0.510999
0
0.202172
0.313959
1.27453
0
0.510999
1.27453
0.307135
0.510999
0.510999
0.141816
0
1.27453
0
0
0.312423
0.510999
0.510999
0.510999
0
0.408971
0.510999
0
0.293271
0.612944
0.510999
0.266405
0
0
1.27453
0.510999
0
0.510999
0.399336
0.408978
0.252281
0
1.27455
0.510999
0.264886
0.665061
0.510999
0.510999
0.510999
0.510999
0.510999
0.510999
0.115976
0.702901
0.595188
0
0.236439
0
0
0.510999
0.166118
0.202875
0
0
0
0
0
0
0
0.510999
1.27453
0
0
0
0.281764
0.510999
0
0.228527
0.183911
1.09013
0.330446
0.510999
0.0737048
0.510999
0.510999
0.510999
0.510999
0
0.239967
0
0.203948
0.219604
0
0
0
0.441457
0
0
0.617475
0.510999
0.510999
0.328416
0
0
0.510999
0
0
0
0.0227674
0.113479
1.27453
0
0
0.283564
0.510999
0
0
0
0
0
0.510999
0.510999
0.510999
0
0.346864
0
0
0
0.510999
0
0
0.421222
0.510999
0.399831
0.510999
1.27453
0
0.510999
0
0.510999
0.510999
0
0
0.510999
0
0
0.132354
0
0
0
0.858801
0
0.302218
0.241087
0.510999
0.510999
0.411072
0.50071
0
0.292156
0.510999
0
0.26253
0
0.295532
0.510999
0.510999
0.668711
0
0
0
1.27453
0.294652
0
0.729257
0.510999
0
0.420884
0.510999
0.183183
0.510999
0.176461
0.955146
0
0.249117
0
0.214266
0
0.510999
0.510999
0
0.510999
0
0
0
0.510999
0
0.510999
0.510999
0.510999
0
0.350317
0.179767
0.205976
0
0
0
0.510999
0.146154
0.314098
0
0.233864
0
0
0.510999
1.27453
0
0.471529
0.313185
0.25382
0.510999
0
0
0.260509
0.539063
0.315314
0.542027
1.27453
0.510999
0
0.264287
1.27453
0
0.510999
0.211651
0
0
1.27453
0
0.510999
0.510999
0.122703
0
1.27453
0.510999
0.510999
0.106426
0.510999
1.27451
0.510999
1.27453
0.510999
0
0
0
0.510999
0
0.100553
0
1.27453
0
0
0
0.510999
0
0.229688
0
0
0
0.510999
0.322606
0
0
0.510999
0.510999
0
0.218522
1.78553
0.510999
0.510999
0.235132
0.510999
0.0529042
0.145261
1.27453
0
0.432458
0.22473
0
0.510999
0.510999
0.324175
0.510999
0.510999
0.510999
0.224503
1.05136
0.0396811
0.079432
0
1.27453
0.224715
0.0342235
0.669986
0.229696
0
0.510999
0
1.07891
0.192706
0.0206287
0.510999
0.210556
0.325219
0
0.865375
0
0.237504
0.235127
0
0.510999
0
1.27453
0.510999
0
0.246354
0.368135
0.220257
0
0.207163
0
0.307135
0.510999
0.510999
0.141816
0
1.27453
0
0
0.312423
0.510999
0.510999
0.510999
0
0.408971
0.510999
0
0.293271
0.612944
0.510999
0.266405
0
0
1.27453
0.510999
0
0.510999
0.399336
0.408978
0.252281
0
1.27455
0.510999
0.264886
0.665061
0.510999
0.510999
0.510999
0.510999
0.510999
0.510999
0.510999
1.27453
0.367303
0.215789
1.78553
0
0
0
0
0.510999
1.27453
0.510999
0.505694
0
0
0
0
0.232899
0.379405
0.236345
0.0582849
0
0
0.152678
0
0.510999
0
0
0.176119
0.117472
0.180558
0
0.901854
0
0.300585
0.356437
0
1.27453
0
0.4403
0
0.55252
0.510999
0.510999
0
0
0
0
0.510999
1.5162
1.27452
0.510999
0.0295388
0.18393
0
0.0789816
0.18172
0
0
0.374036
0
1.27453
0
0
0.510999
0.510999
0.236076
0
0
1.27453
0.259005
0.446892
0.510999
0.256907
0.148972
0.510999
1.27453
0.510999
0
0.510999
0.510999
0.828418
0
0.000993026
0.510999
0
0.202172
0.313959
1.27453
0
0.510999
1.27453
0
0
0.510999
1.27453
0.367303
0.215789
1.78553
0
0
0
0
0.510999
1.27453
0.510999
0.505694
0
0
0
0
0.232899
0.379405
0.236345
0.0582849
0
0
0.152678
0
0.510999
0
0
0.176119
0.117472
0.180558
0
0.901854
0
0.300585
0.356437
0
1.27453
0
0.4403
0
0.55252
0.510999
0.510999
0
0
0
0
0.510999
0.702901
0.595188
0
0.236439
0
0
0.510999
0.166118
0.202875
0
0
0
0
0
0
0
0.510999
1.27453
0
0
0
0.281764
0.510999
0
0.228527
0.183911
1.09013
0.330446
0.510999
0.0737048
0.510999
0.510999
0.510999
0.510999
0
0.239967
0.89751
0
0.203948
0.219604
0
0
0
0.441457
0
0
0.617475
0.510999
0.510999
0.328416
0
0
0.510999
0
0
0
0.0227674
0.113479
1.27453
0
0
0.283564
0.510999
0
0
0
0
0
0.510999
0.510999
0.510999
0
0.346864
0
0
0
0
0.421222
0.510999
0.399831
0.510999
1.27453
0
0.510999
0
0.510999
0.510999
0
0
0.510999
0
0
0.132354
0
0
0
0.858801
0
0.302218
0.241087
0.510999
0.510999
0.411072
0.50071
0
0.292156
0.510999
0
0.26253
0
0.295532
0.510999
0.510999
0.221231
0.668711
0
0
0
1.27453
0.294652
0
0.729257
0.510999
0
0.420884
0.510999
0.183183
0.510999
0.176461
0.955146
0
0.249117
0
0.214266
0
0.510999
0.510999
0
0.510999
0
0
0
0.510999
0
0.510999
0.510999
0.510999
0
0.350317
0.179767
0.205976
0
0
0
0.510999
0.509696
0.510999
0.146154
0.314098
0
0.233864
0
0
0.510999
1.27453
0
0.471529
0.313185
0.25382
0.510999
0
0
0.260509
0.539063
0.315314
0.542027
1.27453
0.510999
0
0.264287
1.27453
0
0.510999
0.211651
0
0
1.27453
0
0.510999
0.510999
0.122703
0
0.510999
0
1.27453
0.510999
0.510999
0.106426
0.510999
1.27451
0.510999
1.27453
0.510999
0
0
0
0.510999
0
0.100553
0
1.27453
0
0
0
0.510999
0
0.229688
0
0
0
0.510999
0.322606
0
0
0.510999
0.510999
0
0.218522
1.78553
0.510999
0.510999
0.235132
0.510999
1.27453
0
0.432458
0.22473
0
0.510999
0.510999
0.324175
0.510999
0.510999
0.510999
0.224503
1.05136
0.0396811
0.079432
0
1.27453
0.224715
0.0342235
0.669986
0.229696
0
0.510999
0
1.07891
0.192706
0.0206287
0.510999
0.210556
0.325219
0
0.865375
0
0.237504
0.235127
0
0.510999
0
1.27453
0.510999
0
0.246354
0.368135
0.220257
0
0.207163
0
0.307135
0.510999
0.510999
0.141816
0
1.27453
0
0
0.312423
0.510999
0.510999
0.510999
0
0.408971
0.510999
0
0.293271
0.612944
0.510999
0.266405
0
0
1.27453
0.510999
0
0.510999
0.399336
0.408978
0.252281
0
1.27455
0.510999
0.264886
0.665061
0.510999
0.510999
0.510999
0.510999
0.510999
0.510999
0.115976
0.510999
0.510999
1.27453
0.367303
0.215789
1.78553
0
0
0
0
0.510999
1.27453
0.510999
0.505694
0
0
0
0
0.232899
0.379405
0.236345
0.0582849
0
0
0.152678
0
0.510999
0
0
0.176119
0.117472
0.180558
0
0.901854
0
0.300585
0.356437
0
1.27453
0
0.4403
0
0.55252
0.510999
0.510999
0
0
0
0
1.27452
0.510999
0.0295388
0.18393
0
0.0789816
0.18172
0
0
0.374036
0
1.27453
0
0
0.510999
0.510999
0.236076
0
0
1.27453
0.259005
0.446892
0.510999
0.256907
0.148972
0.510999
1.27453
0.510999
0
0.510999
0.510999
0.828418
0
0.000993026
0.510999
0
0.202172
0.313959
1.27453
0
0.510999
1.27453
1.27452
0.510999
0.0295388
0.18393
0
0.0789816
0.18172
0
0
0.374036
0
1.27453
0
0
0.510999
0.510999
0.236076
0
0
1.27453
0.259005
0.446892
0.510999
0.256907
0.148972
0.510999
1.27453
0.510999
0
0.510999
0.510999
0.828418
0
0.000993026
0.510999
0
0.202172
0.313959
1.27453
0
0.510999
1.27453
