0
0.131043
0.291578
0
0.510999
0
0.860353
1.27453
0
0.484062
1.27453
0
0.164318
0.510999
0.546743
0.0543745
0.068388
0.756517
0
0
0
0
0
1.27453
0.215254
0
0.510999
0.510999
0
0.296103
0.510999
0.234212
0.34517
0.510999
1.05926
0.510999
0
0.105424
0.510999
0.510999
1.27453
0.0307412
1.07767
0.342574
0
0.510999
0.397016
0.0423366
0.32254
0
0
0.131043
0.291578
0
0.510999
0
0.860353
1.27453
0
0.484062
1.27453
0
0.164318
0.510999
0.546743
0.0543745
0.068388
0.756517
0
0
0
0
0
1.27453
0.215254
0
0.510999
0.510999
0
0.296103
0.510999
0.234212
0.34517
0.510999
1.05926
0.510999
0
0.105424
0.510999
0.510999
1.27453
0.0307412
1.07767
0.342574
0
0.510999
0.397016
0.0423366
0.32254
0
0.281006
0
0.362077
0.246191
0.128668
0.510999
0.202166
0.510999
0.482871
0
0
0.510999
0
0
0
0
0.250405
0
0.510999
0
0.0764297
1.17735
0
0.673482
0.300474
1.01169
0
0.0951566
0.0455848
0.510999
0.483421
0.510999
0.510999
0.510999
0.510999
0.510999
1.27453
0.510999
0
1.27454
0
0
0.510999
0.254104
0
0.510999
0.339193
0.510999
0.197888
0
0.174544
0
0.278249
0
0
0.510999
0
0.764809
0.129377
0
0
0.510999
0.510999
0
0.510999
1.27452
0.628633
0
0.676897
1.27453
0.720527
0.510999
0
1.27453
0.510999
0.0311598
0
0
0.510999
0
0
0.176872
0
0
0.395064
0.510999
1.27452
0.0957819
0.194665
0.510999
0
0.510999
0.0332147
1.27453
0.0883192
0
1.27453
0.510999
1.15588
0.19567
0
0
0.510999
0.510999
1.27453
0.510999
1.03131
0.510999
0.719698
0
0.260387
0.149416
0
0.289152
0
0
0
0
0
0
0
0
1.27453
1.08518
0.510999
0
0
0.409555
0.510999
0.67817
0.302601
0
0
0.0215009
0
0
0.510999
0.211658
1.2745
0.359162
0
0.510999
0.510999
0.170768
0
0
0.510999
0.0639054
0.356463
0.200219
0
0.510999
0
0
0
1.27453
0.476622
0.510999
0.510999
0.228948
0
0.510999
0
0.144946
0
0
0.1819
1.27453
0
0
0
0.32013
0.181938
0.510999
0.0363053
0
0
0
0
0.510999
0.251084
0
0.44188
0
1.27453
0.510999
0
0
0.00689253
0.510999
1.27452
0
0
0.322587
0
0
1.07724
0.237367
0.510999
0
0.510999
1.27453
0.510999
0
0.510999
1.27455
0
0.510999
0.0511698
0
0
0.16869
0.0338502
1.78553
0
0
0.204303
0.510999
0.97331
0.189115
1.27453
0
0
0.207219
0.141396
0.510999
0
0.434054
1.27453
0
0.187617
0.510999
0.280616
0.496747
0
0
0.510999
0
0.0462962
0.616895
0
1.27453
0
0.0977347
0
0
0.510999
0.125247
0.229195
1.64989
0.102672
0.699467
0.128801
0
0.510999
0.44462
0.332248
0
0.510999
0
0.510999
0
0.510999
0.328344
0.244583
0
1.46527
0
0
0.33206
0.327177
0
1.27449
0.510999
1.2745
0.172724
0.510999
0.510999
0
0
0.734705
0.0193582
0.144133
0.510999
0.510999
0
0
0.510999
0.510999
0
0.510999
0
0
0.426308
0.510999
0.145765
0
0.344445
0.278259
0.308401
0.110905
0
0.510999
0
0.0273139
1.27455
0
0
0.163533
0
1.27452
0
0
0.384561
0
0.462187
0.510999
0
0.510999
0
0.510999
1.27453
0
0
0
0.604555
0.223577
0.270495
0
0
0.342527
0.128156
0.510999
0.836735
0
0.510999
0
0.150299
0
0.510999
0
0
0.143034
1.27453
0.436395
0
0.234965
0.510999
0.510999
0.510999
0
1.27453
0
0.233462
0
0
0.0130446
0
1.27453
0.19352
0
0.510999
0.0715433
0
0
0.232923
0.296583
0
0
0.510999
1.27453
0
0.510999
0.245767
0.195727
0.510999
0.0259015
0
0
0
0
0.84274
0
0
0
0.431874
1.27453
0.063999
0.201541
0
1.27453
0.510999
0.354009
0
1.27453
0
0.510999
0
0.0331286
0.510999
1.78553
0.510999
0.510999
0.276595
0.80416
0
0.264299
0
0.510999
0
0.281006
0
0.362077
0.246191
0.128668
0.510999
0.202166
0.510999
0.482871
0
0
0.510999
0
0
0
0
0.250405
0
0.510999
0
0.0764297
1.17735
0
0.673482
0.300474
1.01169
0
0.0951566
0.0455848
0.510999
0.483421
0.510999
0.510999
0.510999
0.510999
0.510999
1.27453
0.510999
0
1.27454
0
0
0.510999
0.254104
0
0.510999
0.339193
0
0.131043
0.291578
0
0.510999
0
0.860353
1.27453
0
0.484062
1.27453
0
0.164318
0.510999
0.546743
0.0543745
0.068388
0.756517
0
0
0
0
0
1.27453
0.215254
0
0.510999
0.510999
0
0.296103
0.510999
0.234212
0.34517
0.510999
1.05926
0.510999
0
0.105424
0.510999
0.510999
1.27453
0.0307412
1.07767
0.342574
0
0.510999
0.397016
0.0423366
0.32254
0
0.281006
0
0.362077
0.246191
0.128668
0.510999
0.202166
0.510999
0.482871
0
0
0.510999
0
0
0
0
0.250405
0
0.510999
0
0.0764297
1.17735
0
0.673482
0.300474
1.01169
0
0.0951566
0.0455848
0.510999
0.483421
0.510999
0.510999
0.510999
0.510999
0.510999
1.27453
0.510999
0
1.27454
0
0
0.510999
0.254104
0
0.510999
0.339193
0.510999
0.197888
0
0.174544
0
0.278249
0
0
0.510999
0
0.764809
0.129377
0
0
0.510999
0.510999
0
0.510999
1.27452
0.628633
0
0.676897
1.27453
0.720527
0.510999
0
1.27453
0.510999
0.0311598
0
0
0.510999
0
0
0.176872
0
0
0.395064
0.510999
1.27452
0.0957819
0.194665
0.510999
0
0.510999
0.0332147
0
1.27453
0.0883192
0
1.27453
0.510999
1.15588
0.19567
0
0
0.510999
0.510999
1.27453
0.510999
1.03131
0.510999
0.719698
0
0.260387
0.149416
0
0.289152
0
0
0
0
0
0
0
0
1.27453
1.08518
0.510999
0
0
0.409555
0.510999
0.67817
0.302601
0
0
0.0215009
0
0
0.510999
0.211658
1.2745
0.359162
0.510999
0.510999
0.170768
0
0
0.510999
0.0639054
0.356463
0.200219
0
0.510999
0
0
0
1.27453
0.476622
0.510999
0.510999
0.228948
0
0.510999
0
0.144946
0
0
0.1819
1.27453
0
0
0
0.32013
0.181938
0.510999
0.0363053
0
0
0
0
0.510999
0.251084
0
0.44188
0
1.27453
0.510999
0
0
0.00689253
0.510999
1.27452
0
0
0.322587
0
0
1.07724
0.237367
0.510999
0
0.510999
1.27453
0.510999
0
0.510999
1.27455
0
0.510999
0.0511698
0
0
0.16869
0.0338502
1.78553
0
0
0.204303
0.510999
0.97331
0.189115
1.27453
0
0
0.207219
0.141396
0.510999
0
0.434054
1.27453
0
0.187617
0.510999
0.280616
0.496747
0
0
0.510999
0
0.0462962
0.616895
0
1.27453
0
0.0977347
0
0
0.510999
0.125247
0.229195
1.64989
0.102672
0.699467
0.128801
0
0.510999
0.44462
0.332248
0
0.510999
0
0.510999
0
0.510999
0.328344
0.244583
0
0
0.152496
0.510999
0
0.510999
0
1.46527
0
0
0.33206
0.327177
0
1.27449
0.510999
1.2745
0.172724
0.510999
0.510999
0
0
0.734705
0.0193582
0.144133
0.510999
0.510999
0
0
0.510999
0.510999
0
0.510999
0
0
0.426308
0.510999
0.145765
0
0.344445
0.278259
0.308401
0.110905
0
0.510999
0
0.0273139
1.27455
0
0
0.163533
0
1.27452
0
0
0
0
0
0.384561
0
0.462187
0.510999
0
0.510999
0
0.510999
1.27453
0
0
0
0.604555
0.223577
0.270495
0
0
0.342527
0.128156
0.510999
0.836735
0
0.510999
0
0.150299
0
0.510999
0
0
0.143034
1.27453
0.436395
0
0.234965
0.510999
0.510999
0.510999
0
1.27453
0
0.233462
0
0
0.0130446
0
1.27453
0.19352
0
0.510999
0.0715433
0
0
0.232923
0.296583
0
0
0.510999
1.27453
0
0.510999
0.245767
0.195727
0.510999
0.0259015
0
0
0
0
0.84274
0
0
0
0.431874
1.27453
0.063999
0.201541
0
1.27453
0.510999
0.354009
0
1.27453
0
0.510999
0
0.0331286
0.510999
1.78553
0.510999
0.510999
0.276595
0.80416
0
0.264299
0
0.510999
0
0.197888
0
0.174544
0
0.278249
0
0
0.510999
0
0.764809
0.129377
0
0
0.510999
0.510999
0
0.510999
1.27452
0.628633
0
0.676897
1.27453
0.720527
0.510999
0
1.27453
0.510999
0.0311598
0
0
0.510999
0
0
0.176872
0
0
0.395064
0.510999
1.27452
0.0957819
0.194665
0.510999
0
0.510999
0.0332147
0
0
0.131043
0.291578
0
0.510999
0
0.860353
1.27453
0
0.484062
1.27453
0
0.164318
0.510999
0.546743
0.0543745
0.068388
0.756517
0
0
0
0
0
1.27453
0.215254
0
0.510999
0.510999
0
0.296103
0.510999
0.234212
0.34517
0.510999
1.05926
0.510999
0
0.105424
0.510999
0.510999
1.27453
0.0307412
1.07767
0.342574
0
0.510999
0.397016
0.0423366
0.32254
0
0.281006
0
0.362077
0.246191
0.128668
0.510999
0.202166
0.510999
0.482871
0
0
0.510999
0
0
0
0
0.250405
0
0.510999
0
0.0764297
1.17735
0
0.673482
0.300474
1.01169
0
0.0951566
0.0455848
0.510999
0.483421
0.510999
0.510999
0.510999
0.510999
0.510999
1.27453
0.510999
0
1.27454
0
0
0.510999
0.254104
0
0.510999
0.339193
0.197888
0
0.174544
0
0.278249
0
0
0.510999
0
0.764809
0.129377
0
0
0.510999
0.510999
0
0.510999
1.27452
0.628633
0
0.676897
1.27453
0.720527
0.510999
0
1.27453
0.510999
0.0311598
0
0
0.510999
0
0
0.176872
0
0
0.395064
0.510999
1.27452
0.0957819
0.194665
0.510999
0
0.510999
0.0332147
0
0.510999
1.27453
0.0883192
0
1.27453
0.510999
1.15588
0.19567
0
0
0.510999
0.510999
1.27453
0.510999
1.03131
0.510999
0.719698
0
0.260387
0.149416
0
0.289152
0
0
0
0
0
0
0
0
1.27453
1.08518
0.510999
0
0
0.409555
0.510999
0.67817
0.302601
0
0
0.0215009
0
0
0.510999
0.211658
1.2745
0.359162
0
0.510999
0.510999
0.170768
0
0
0.510999
0.0639054
0.356463
0.200219
0
0.510999
0
0
0
1.27453
0.476622
0.510999
0.510999
0.228948
0
0.510999
0
0.144946
0
0
0.1819
1.27453
0
0
0
0.32013
0.181938
0.510999
0.0363053
0
0
0
0
0.510999
0.251084
0
0.44188
0
1.27453
0.510999
0
1.27452
0
0
0.322587
0
0
1.07724
0.237367
0.510999
0
0.510999
1.27453
0.510999
0
0.510999
1.27455
0
0.510999
0.0511698
0
0
0.16869
0.0338502
1.78553
0
0
0.204303
0.510999
0.97331
0.189115
1.27453
0
0
0.207219
0.141396
0.510999
0
1.27453
0
0.187617
0.510999
0.280616
0.496747
0
0
0.510999
0
0.0462962
0.616895
0
1.27453
0
0.0977347
0
0
0.510999
0.125247
0.229195
1.64989
0.102672
0.699467
0.128801
0
0.510999
0.44462
0.332248
0
0.510999
0
0.510999
0
0.510999
0.328344
0.244583
0
0
0.152496
0.510999
1.46527
0
0
0.33206
0.327177
0
1.27449
0.510999
1.2745
0.172724
0.510999
0.510999
0
0
0.734705
0.0193582
0.144133
0.510999
0.510999
0
0
0.510999
0.510999
0
0.510999
0
0
0.426308
0.510999
0.145765
0
0.344445
0.278259
0.308401
0.110905
0
0.510999
0
0.0273139
1.27455
0
0
0.163533
0
0
0
0.384561
0
0.462187
0.510999
0
0.510999
0
0.510999
1.27453
0
0
0
0.604555
0.223577
0.270495
0
0
0.342527
0.128156
0.510999
0.836735
0
0.510999
0
0.150299
0
0.510999
0
0
0.143034
1.27453
0.436395
0
0.234965
0.510999
0.510999
0.510999
0
1.27453
0
0.233462
0
0
0.0130446
0
1.27453
0.19352
0
0.510999
0.0715433
0
0
0.232923
0.296583
0
0
0.510999
1.27453
0
0.510999
0.245767
0.195727
0.510999
0.0259015
0
0
0
0
0.84274
0
0
0
0.431874
1.27453
0.063999
0.201541
0
1.27453
0.510999
0.354009
0
1.27453
0
0.510999
0
0.0331286
0.510999
1.78553
0.510999
0.510999
0.276595
0.80416
0
0.264299
0
0.510999
0
1.27453
0.0883192
0
1.27453
0.510999
1.15588
0.19567
0
0
0.510999
0.510999
1.27453
0.510999
1.03131
0.510999
0.719698
0
0.260387
0.149416
0
0.289152
0
0
0
0
0
0
0
0
1.27453
1.08518
0.510999
0
0
0.409555
0.510999
0.67817
0.302601
0
0
0.0215009
0
0
0.510999
0.211658
1.2745
0.359162
0
0.770528
1.27453
0
0.131043
0.291578
0
0.510999
0
0.860353
1.27453
0
0.484062
1.27453
0
0.164318
0.510999
0.546743
0.0543745
0.068388
0.756517
0
0
0
0
0
1.27453
0.215254
0
0.510999
0.510999
0
0.296103
0.510999
0.234212
0.34517
0.510999
1.05926
0.510999
0
0.105424
0.510999
0.510999
1.27453
0.0307412
1.07767
0.342574
0
0.510999
0.397016
0.0423366
0.32254
0
0.281006
0
0.362077
0.246191
0.128668
0.510999
0.202166
0.510999
0.482871
0
0
0.510999
0
0
0
0
0.250405
0
0.510999
0
0.0764297
1.17735
0
0.673482
0.300474
1.01169
0
0.0951566
0.0455848
0.510999
0.483421
0.510999
0.510999
0.510999
0.510999
0.510999
1.27453
0.510999
0
1.27454
0
0
0.510999
0.254104
0
0.510999
0.339193
0.510999
0.197888
0
0.174544
0
0.278249
0
0
0.510999
0
0.764809
0.129377
0
0
0.510999
0.510999
0
0.510999
1.27452
0.628633
0
0.676897
1.27453
0.720527
0.510999
0
1.27453
0.510999
0.0311598
0
0
0.510999
0
0
0.176872
0
0
0.395064
0.510999
1.27452
0.0957819
0.194665
0.510999
0
0.510999
1.27453
0.0883192
0
1.27453
0.510999
1.15588
0.19567
0
0
0.510999
0.510999
1.27453
0.510999
1.03131
0.510999
0.719698
0
0.260387
0.149416
0
0.289152
0
0
0
0
0
0
0
0
1.27453
1.08518
0.510999
0
0
0.409555
0.510999
0.67817
0.302601
0
0
0.0215009
0
0
0.510999
0.211658
1.2745
0.359162
0
0.770528
1.27453
0.510999
0.510999
0.170768
0
0
0.510999
0.0639054
0.356463
0.200219
0
0.510999
0
0
0
1.27453
0.476622
0.510999
0.510999
0.228948
0
0.510999
0
0.144946
0
0
0.1819
1.27453
0
0
0
0.32013
0.181938
0.510999
0.0363053
0
0
0
0
0.510999
0.251084
0
0.44188
0
1.27453
1.27452
0
0
0.322587
0
0
1.07724
0.237367
0.510999
0
0.510999
1.27453
0.510999
0
0.510999
1.27455
0
0.510999
0.0511698
0
0
0.16869
0.0338502
1.78553
0
0
0.204303
0.510999
0.97331
0.189115
1.27453
0
0
0.207219
0.141396
0.510999
0
0.434054
1.27453
0
0.187617
0.510999
0.280616
0.496747
0
0
0.510999
0
0.0462962
0.616895
0
1.27453
0
0.0977347
0
0
0.510999
0.125247
0.229195
1.64989
0.102672
0.699467
0.128801
0
0.510999
0.44462
0.332248
0
0.510999
0
0.510999
0
0.510999
0.328344
0.244583
0
1.46527
0
0
0.33206
0.327177
0
1.27449
0.510999
1.2745
0.172724
0.510999
0.510999
0
0
0.734705
0.0193582
0.144133
0.510999
0.510999
0
0
0.510999
0.510999
0
0.510999
0
0
0.426308
0.510999
0.145765
0
0.344445
0.278259
0.308401
0.110905
0
0.510999
0
0.0273139
1.27455
0
0
0.163533
0
1.27452
0
0
0
0
0
0.384561
0
0.462187
0.510999
0
0.510999
0
0.510999
1.27453
0
0
0
0.604555
0.223577
0.270495
0
0
0.342527
0.128156
0.510999
0.836735
0
0.510999
0
0.150299
0
0.510999
0
0
0.143034
1.27453
0.436395
0
0.234965
0.510999
0.510999
0.510999
0
1.27453
0
0.233462
0
0
0.0130446
0
1.27453
0.19352
0
0.510999
0.0715433
0
0
0.232923
0.296583
0
0
0.510999
1.27453
0
0.510999
0.245767
0.195727
0.510999
0.0259015
0
0
0
0
0.84274
0
0
0
0.431874
1.27453
0.063999
0.201541
0
1.27453
0.510999
0.354009
0
1.27453
0
0.510999
0
0.0331286
0.510999
1.78553
0.510999
0.510999
0.276595
0.80416
0
0.264299
0
0.510999
0
0.510999
0.510999
0.170768
0
0
0.510999
0.0639054
0.356463
0.200219
0
0.510999
0
0
0
1.27453
0.476622
0.510999
0.510999
0.228948
0
0.510999
0
0.144946
0
0
0.1819
1.27453
0
0
0
0.32013
0.181938
0.510999
0.0363053
0
0
0
0
0.510999
0.251084
0
0.44188
0
1.27453
0
0.131043
0.291578
0
0.510999
0
0.860353
1.27453
0
0.484062
1.27453
0
0.164318
0.510999
0.546743
0.0543745
0.068388
0.756517
0
0
0
0
0
1.27453
0.215254
0
0.510999
0.510999
0
0.296103
0.510999
0.234212
0.34517
0.510999
1.05926
0.510999
0
0.105424
0.510999
0.510999
1.27453
0.0307412
1.07767
0.342574
0
0.510999
0.397016
0.0423366
0.32254
0
0.281006
0
0.362077
0.246191
0.128668
0.510999
0.202166
0.510999
0.482871
0
0
0.510999
0
0
0
0
0.250405
0
0.510999
0
0.0764297
1.17735
0
0.673482
0.300474
1.01169
0
0.0951566
0.0455848
0.510999
0.483421
0.510999
0.510999
0.510999
0.510999
0.510999
1.27453
0.510999
0
1.27454
0
0
0.510999
0.254104
0
0.510999
0.339193
0.510999
0.197888
0
0.174544
0
0.278249
0
0
0.510999
0
0.764809
0.129377
0
0
0.510999
0.510999
0
0.510999
1.27452
0.628633
0
0.676897
1.27453
0.720527
0.510999
0
1.27453
0.510999
0.0311598
0
0
0.510999
0
0
0.176872
0
0
0.395064
0.510999
1.27452
0.0957819
0.194665
0.510999
0
0.510999
1.27453
0.0883192
0
1.27453
0.510999
1.15588
0.19567
0
0
0.510999
0.510999
1.27453
0.510999
1.03131
0.510999
0.719698
0
0.260387
0.149416
0
0.289152
0
0
0
0
0
0
0
0
1.27453
1.08518
0.510999
0
0
0.409555
0.510999
0.67817
0.302601
0
0
0.0215009
0
0
0.510999
0.211658
1.2745
0.359162
0.510999
0.510999
0.170768
0
0
0.510999
0.0639054
0.356463
0.200219
0
0.510999
0
0
0
1.27453
0.476622
0.510999
0.510999
0.228948
0
0.510999
0
0.144946
0
0
0.1819
1.27453
0
0
0
0.32013
0.181938
0.510999
0.0363053
0
0
0
0
0.510999
0.251084
0
0.44188
0
1.27452
0
0
0.322587
0
0
1.07724
0.237367
0.510999
0
0.510999
1.27453
0.510999
0
0.510999
1.27455
0
0.510999
0.0511698
0
0
0.16869
0.0338502
1.78553
0
0
0.204303
0.510999
0.97331
0.189115
1.27453
0
0
0.207219
0.141396
0.510999
1.27453
0
0.187617
0.510999
0.280616
0.496747
0
0
0.510999
0
0.0462962
0.616895
0
1.27453
0
0.0977347
0
0
0.510999
0.125247
0.229195
1.64989
0.102672
0.699467
0.128801
0
0.510999
0.44462
0.332248
0
0.510999
0
0.510999
0
0.510999
0.328344
0.244583
0
0
0.152496
0.510999
0
0.510999
1.46527
0
0
0.33206
0.327177
0
1.27449
0.510999
1.2745
0.172724
0.510999
0.510999
0
0
0.734705
0.0193582
0.144133
0.510999
0.510999
0
0
0.510999
0.510999
0
0.510999
0
0
0.426308
0.510999
0.145765
0
0.344445
0.278259
0.308401
0.110905
0
0.510999
0
0.0273139
1.27455
0
0
0.163533
0
0
0
0.384561
0
0.462187
0.510999
0
0.510999
0
0.510999
1.27453
0
0
0
0.604555
0.223577
0.270495
0
0
0.342527
0.128156
0.510999
0.836735
0
0.510999
0
0.150299
0
0.510999
0
0
0.143034
1.27453
0.436395
0
0.234965
0.510999
0.510999
0.510999
0
1.27453
0
0.233462
0
0
0.0130446
0
1.27453
0.19352
0
0.510999
0.0715433
0
0
0.232923
0.296583
0
0
0.510999
1.27453
0
0.510999
0.245767
0.195727
0.510999
0.0259015
0
0
0
0
0.84274
0
0
0
0.431874
1.27453
0.063999
0.201541
0
1.27453
0.510999
0.354009
0
1.27453
0
0.510999
0
0.0331286
0.510999
1.78553
0.510999
0.510999
0.276595
0.80416
0
0.264299
0
0.510999
0
1.27452
0
0
0.322587
0
0
1.07724
0.237367
0.510999
0
0.510999
1.27453
0.510999
0
0.510999
1.27455
0
0.510999
0.0511698
0
0
0.16869
0.0338502
1.78553
0
0
0.204303
0.510999
0.97331
0.189115
1.27453
0
0
0.207219
0.141396
0.510999
0
0
0.131043
0.291578
0
0.510999
0
0.860353
1.27453
0
0.484062
1.27453
0
0.164318
0.510999
0.546743
0.0543745
0.068388
0.756517
0
0
0
0
0
1.27453
0.215254
0
0.510999
0.510999
0
0.296103
0.510999
0.234212
0.34517
0.510999
1.05926
0.510999
0
0.105424
0.510999
0.510999
1.27453
0.0307412
1.07767
0.342574
0
0.510999
0.397016
0.0423366
0.32254
0
0.281006
0
0.362077
0.246191
0.128668
0.510999
0.202166
0.510999
0.482871
0
0
0.510999
0
0
0
0
0.250405
0
0.510999
0
0.0764297
1.17735
0
0.673482
0.300474
1.01169
0
0.0951566
0.0455848
0.510999
0.483421
0.510999
0.510999
0.510999
0.510999
0.510999
1.27453
0.510999
0
1.27454
0
0
0.510999
0.254104
0
0.510999
0.339193
0.510999
0.197888
0
0.174544
0
0.278249
0
0
0.510999
0
0.764809
0.129377
0
0
0.510999
0.510999
0
0.510999
1.27452
0.628633
0
0.676897
1.27453
0.720527
0.510999
0
1.27453
0.510999
0.0311598
0
0
0.510999
0
0
0.176872
0
0
0.395064
0.510999
1.27452
0.0957819
0.194665
0.510999
0
0.510999
0.0332147
0
0.510999
1.27453
0.0883192
0
1.27453
0.510999
1.15588
0.19567
0
0
0.510999
0.510999
1.27453
0.510999
1.03131
0.510999
0.719698
0
0.260387
0.149416
0
0.289152
0
0
0
0
0
0
0
0
1.27453
1.08518
0.510999
0
0
0.409555
0.510999
0.67817
0.302601
0
0
0.0215009
0
0
0.510999
0.211658
1.2745
0.359162
0
0.770528
1.27453
0.510999
0.510999
0.170768
0
0
0.510999
0.0639054
0.356463
0.200219
0
0.510999
0
0
0
1.27453
0.476622
0.510999
0.510999
0.228948
0
0.510999
0
0.144946
0
0
0.1819
1.27453
0
0
0
0.32013
0.181938
0.510999
0.0363053
0
0
0
0
0.510999
0.251084
0
0.44188
0
1.27453
0.510999
0
1.27452
0
0
0.322587
0
0
1.07724
0.237367
0.510999
0
0.510999
1.27453
0.510999
0
0.510999
1.27455
0
0.510999
0.0511698
0
0
0.16869
0.0338502
1.78553
0
0
0.204303
0.510999
0.97331
0.189115
1.27453
0
0
0.207219
0.141396
0.510999
0
0.434054
1.27453
0
0.187617
0.510999
0.280616
0.496747
0
0
0.510999
0
0.0462962
0.616895
0
1.27453
0
0.0977347
0
0
0.510999
0.125247
0.229195
1.64989
0.102672
0.699467
0.128801
0
0.510999
0.44462
0.332248
0
0.510999
0
0.510999
0
0.510999
0.328344
0.244583
0
0
0.152496
0.510999
1.46527
0
0
0.33206
0.327177
0
1.27449
0.510999
1.2745
0.172724
0.510999
0.510999
0
0
0.734705
0.0193582
0.144133
0.510999
0.510999
0
0
0.510999
0.510999
0
0.510999
0
0
0.426308
0.510999
0.145765
0
0.344445
0.278259
0.308401
0.110905
0
0.510999
0
0.0273139
1.27455
0
0
0.163533
0
1.27452
0
0
0.384561
0
0.462187
0.510999
0
0.510999
0
0.510999
1.27453
0
0
0
0.604555
0.223577
0.270495
0
0
0.342527
0.128156
0.510999
0.836735
0
0.510999
0
0.150299
0
0.510999
0
0
0.143034
1.27453
0.436395
0
0.234965
0.510999
0.510999
0.510999
0
1.27453
0
0.233462
0
0
0.0130446
0
1.27453
0.19352
0
0.510999
0.0715433
0
0
0.232923
0.296583
0
0
0.510999
1.27453
0
0.510999
0.245767
0.195727
0.510999
0.0259015
0
0
0
0
0.84274
0
0
0
0.431874
1.27453
0.063999
0.201541
0
1.27453
0.510999
0.354009
0
1.27453
0
0.510999
0
0.0331286
0.510999
1.78553
0.510999
0.510999
0.276595
0.80416
0
0.264299
0
0.510999
1.27453
0
0.187617
0.510999
0.280616
0.496747
0
0
0.510999
0
0.0462962
0.616895
0
1.27453
0
0.0977347
0
0
0.510999
0.125247
0.229195
1.64989
0.102672
0.699467
0.128801
0
0.510999
0.44462
0.332248
0
0.510999
0
0.510999
0
0.510999
0.328344
0.244583
0
0
0.152496
0
0.131043
0.291578
0
0.510999
0
0.860353
1.27453
0
0.484062
1.27453
0
0.164318
0.510999
0.546743
0.0543745
0.068388
0.756517
0
0
0
0
0
1.27453
0.215254
0
0.510999
0.510999
0
0.296103
0.510999
0.234212
0.34517
0.510999
1.05926
0.510999
0
0.105424
0.510999
0.510999
1.27453
0.0307412
1.07767
0.342574
0
0.510999
0.397016
0.0423366
0.32254
0.281006
0
0.362077
0.246191
0.128668
0.510999
0.202166
0.510999
0.482871
0
0
0.510999
0
0
0
0
0.250405
0
0.510999
0
0.0764297
1.17735
0
0.673482
0.300474
1.01169
0
0.0951566
0.0455848
0.510999
0.483421
0.510999
0.510999
0.510999
0.510999
0.510999
1.27453
0.510999
0
1.27454
0
0
0.510999
0.254104
0
0.510999
0.339193
0.510999
0.197888
0
0.174544
0
0.278249
0
0
0.510999
0
0.764809
0.129377
0
0
0.510999
0.510999
0
0.510999
1.27452
0.628633
0
0.676897
1.27453
0.720527
0.510999
0
1.27453
0.510999
0.0311598
0
0
0.510999
0
0
0.176872
0
0
0.395064
0.510999
1.27452
0.0957819
0.194665
1.27453
0.0883192
0
1.27453
0.510999
1.15588
0.19567
0
0
0.510999
0.510999
1.27453
0.510999
1.03131
0.510999
0.719698
0
0.260387
0.149416
0
0.289152
0
0
0
0
0
0
0
0
1.27453
1.08518
0.510999
0
0
0.409555
0.510999
0.67817
0.302601
0
0
0.0215009
0
0
0.510999
0.211658
1.2745
0.359162
0
0.770528
1.27453
0.510999
0.510999
0.170768
0
0
0.510999
0.0639054
0.356463
0.200219
0
0.510999
0
0
0
1.27453
0.476622
0.510999
0.510999
0.228948
0
0.510999
0
0.144946
0
0
0.1819
1.27453
0
0
0
0.32013
0.181938
0.510999
0.0363053
0
0
0
0
0.510999
0.251084
0
0.44188
0
1.27453
1.27452
0
0
0.322587
0
0
1.07724
0.237367
0.510999
0
0.510999
1.27453
0.510999
0
0.510999
1.27455
0
0.510999
0.0511698
0
0
0.16869
0.0338502
1.78553
0
0
0.204303
0.510999
0.97331
0.189115
1.27453
0
0
0.207219
0.141396
0.510999
1.27453
0
0.187617
0.510999
0.280616
0.496747
0
0
0.510999
0
0.0462962
0.616895
0
1.27453
0
0.0977347
0
0
0.510999
0.125247
0.229195
1.64989
0.102672
0.699467
0.128801
0
0.510999
0.44462
0.332248
0
0.510999
0
0.510999
0
0.510999
0.328344
0.244583
0
0
1.46527
0
0
0.33206
0.327177
0
1.27449
0.510999
1.2745
0.172724
0.510999
0.510999
0
0
0.734705
0.0193582
0.144133
0.510999
0.510999
0
0
0.510999
0.510999
0
0.510999
0
0
0.426308
0.510999
0.145765
0
0.344445
0.278259
0.308401
0.110905
0
0.510999
0
0.0273139
1.27455
0
0
0.163533
0
0
0
0.384561
0
0.462187
0.510999
0
0.510999
0
0.510999
1.27453
0
0
0
0.604555
0.223577
0.270495
0
0
0.342527
0.128156
0.510999
0.836735
0
0.510999
0
0.150299
0
0.510999
0
0
0.143034
1.27453
0.436395
0
0.234965
0.510999
0.510999
0.510999
0
1.27453
0
0.233462
0
0
0.0130446
0
1.27453
0.19352
0
0.510999
0.0715433
0
0
0.232923
0.296583
0
0
0.510999
1.27453
0
0.510999
0.245767
0.195727
0.510999
0.0259015
0
0
0
0
0.84274
0
0
0
0.431874
1.27453
0.063999
0.201541
0
1.27453
0.510999
0.354009
0
1.27453
0
0.510999
0
0.0331286
0.510999
1.78553
0.510999
0.510999
0.276595
0.80416
0
0.264299
0
0.510999
0
1.46527
0
0
0.33206
0.327177
0
1.27449
0.510999
1.2745
0.172724
0.510999
0.510999
0
0
0.734705
0.0193582
0.144133
0.510999
0.510999
0
0
0.510999
0.510999
0
0.510999
0
0
0.426308
0.510999
0.145765
0
0.344445
0.278259
0.308401
0.110905
0
0.510999
0
0.0273139
1.27455
0
0
0.163533
0
0
0.131043
0.291578
0
0.510999
0
0.860353
1.27453
0
0.484062
1.27453
0
0.164318
0.510999
0.546743
0.0543745
0.068388
0.756517
0
0
0
0
0
1.27453
0.215254
0
0.510999
0.510999
0
0.296103
0.510999
0.234212
0.34517
0.510999
1.05926
0.510999
0
0.105424
0.510999
0.510999
1.27453
0.0307412
1.07767
0.342574
0
0.510999
0.397016
0.0423366
0.32254
0
0.281006
0
0.362077
0.246191
0.128668
0.510999
0.202166
0.510999
0.482871
0
0
0.510999
0
0
0
0
0.250405
0
0.510999
0
0.0764297
1.17735
0
0.673482
0.300474
1.01169
0
0.0951566
0.0455848
0.510999
0.483421
0.510999
0.510999
0.510999
0.510999
0.510999
1.27453
0.510999
0
1.27454
0
0
0.510999
0.254104
0
0.510999
0.339193
0.510999
0.197888
0
0.174544
0
0.278249
0
0
0.510999
0
0.764809
0.129377
0
0
0.510999
0.510999
0
0.510999
1.27452
0.628633
0
0.676897
1.27453
0.720527
0.510999
0
1.27453
0.510999
0.0311598
0
0
0.510999
0
0
0.176872
0
0
0.395064
0.510999
1.27452
0.0957819
0.194665
0.510999
0
1.27453
0.0883192
0
1.27453
0.510999
1.15588
0.19567
0
0
0.510999
0.510999
1.27453
0.510999
1.03131
0.510999
0.719698
0
0.260387
0.149416
0
0.289152
0
0
0
0
0
0
0
0
1.27453
1.08518
0.510999
0
0
0.409555
0.510999
0.67817
0.302601
0
0
0.0215009
0
0
0.510999
0.211658
1.2745
0.359162
0
0.770528
1.27453
0.510999
0.510999
0.170768
0
0
0.510999
0.0639054
0.356463
0.200219
0
0.510999
0
0
0
1.27453
0.476622
0.510999
0.510999
0.228948
0
0.510999
0
0.144946
0
0
0.1819
1.27453
0
0
0
0.32013
0.181938
0.510999
0.0363053
0
0
0
0
0.510999
0.251084
0
0.44188
0
1.27452
0
0
0.322587
0
0
1.07724
0.237367
0.510999
0
0.510999
1.27453
0.510999
0
0.510999
1.27455
0
0.510999
0.0511698
0
0
0.16869
0.0338502
1.78553
0
0
0.204303
0.510999
0.97331
0.189115
1.27453
0
0
0.207219
0.141396
0.510999
0
1.27453
0
0.187617
0.510999
0.280616
0.496747
0
0
0.510999
0
0.0462962
0.616895
0
1.27453
0
0.0977347
0
0
0.510999
0.125247
0.229195
1.64989
0.102672
0.699467
0.128801
0
0.510999
0.44462
0.332248
0
0.510999
0
0.510999
0
0.510999
0.328344
0.244583
0
1.46527
0
0
0.33206
0.327177
0
1.27449
0.510999
1.2745
0.172724
0.510999
0.510999
0
0
0.734705
0.0193582
0.144133
0.510999
0.510999
0
0
0.510999
0.510999
0
0.510999
0
0
0.426308
0.510999
0.145765
0
0.344445
0.278259
0.308401
0.110905
0
0.510999
0
0.0273139
1.27455
0
0
0.163533
0
0
0
0.384561
0
0.462187
0.510999
0
0.510999
0
0.510999
1.27453
0
0
0
0.604555
0.223577
0.270495
0
0
0.342527
0.128156
0.510999
0.836735
0
0.510999
0
0.150299
0
0.510999
0
0
0.143034
1.27453
0.436395
0
0.234965
0.510999
0.510999
0.510999
0
1.27453
0
0.233462
0
0
0.0130446
0
1.27453
0.19352
0
0.510999
0.0715433
0
0
0.232923
0.296583
0
0
0.510999
1.27453
0
0.510999
0.245767
0.195727
0.510999
0.0259015
0
0
0
0
0.84274
0
0
0
0.431874
1.27453
0.063999
0.201541
0
1.27453
0.510999
0.354009
0
1.27453
0
0.510999
0
0.0331286
0.510999
1.78553
0.510999
0.510999
0.276595
0.80416
0
0.264299
0
0.510999
0
0
0
0.384561
0
0.462187
0.510999
0
0.510999
0
0.510999
1.27453
0
0
0
0.604555
0.223577
0.270495
0
0
0.342527
0.128156
0.510999
0.836735
0
0.510999
0
0.150299
0
0.510999
0
0
0.143034
1.27453
0.436395
0
0.234965
0.510999
0.510999
0.510999
0
1.27453
0
0.233462
0
0
0.0130446
0
1.27453
0.19352
0
0.510999
0.0715433
0
0
0
0.131043
0.291578
0
0.510999
0
0.860353
1.27453
0
0.484062
1.27453
0
0.164318
0.510999
0.546743
0.0543745
0.068388
0.756517
0
0
0
0
0
1.27453
0.215254
0
0.510999
0.510999
0
0.296103
0.510999
0.234212
0.34517
0.510999
1.05926
0.510999
0
0.105424
0.510999
0.510999
1.27453
0.0307412
1.07767
0.342574
0
0.510999
0.397016
0.0423366
0.32254
0
0.281006
0
0.362077
0.246191
0.128668
0.510999
0.202166
0.510999
0.482871
0
0
0.510999
0
0
0
0
0.250405
0
0.510999
0
0.0764297
1.17735
0
0.673482
0.300474
1.01169
0
0.0951566
0.0455848
0.510999
0.483421
0.510999
0.510999
0.510999
0.510999
0.510999
1.27453
0.510999
0
1.27454
0
0
0.510999
0.254104
0
0.510999
0.339193
0.197888
0
0.174544
0
0.278249
0
0
0.510999
0
0.764809
0.129377
0
0
0.510999
0.510999
0
0.510999
1.27452
0.628633
0
0.676897
1.27453
0.720527
0.510999
0
1.27453
0.510999
0.0311598
0
0
0.510999
0
0
0.176872
0
0
0.395064
0.510999
1.27452
0.0957819
0.194665
0.510999
0
0.510999
0.0332147
0
0.510999
1.27453
0.0883192
0
1.27453
0.510999
1.15588
0.19567
0
0
0.510999
0.510999
1.27453
0.510999
1.03131
0.510999
0.719698
0
0.260387
0.149416
0
0.289152
0
0
0
0
0
0
0
0
1.27453
1.08518
0.510999
0
0
0.409555
0.510999
0.67817
0.302601
0
0
0.0215009
0
0
0.510999
0.211658
1.2745
0.359162
0
0.770528
1.27453
0.510999
0.510999
0.170768
0
0
0.510999
0.0639054
0.356463
0.200219
0
0.510999
0
0
0
1.27453
0.476622
0.510999
0.510999
0.228948
0
0.510999
0
0.144946
0
0
0.1819
1.27453
0
0
0
0.32013
0.181938
0.510999
0.0363053
0
0
0
0
0.510999
0.251084
0
0.44188
0
1.27453
0.510999
0
0
0.00689253
1.27452
0
0
0.322587
0
0
1.07724
0.237367
0.510999
0
0.510999
1.27453
0.510999
0
0.510999
1.27455
0
0.510999
0.0511698
0
0
0.16869
0.0338502
1.78553
0
0
0.204303
0.510999
0.97331
0.189115
1.27453
0
0
0.207219
0.141396
0.510999
1.27453
0
0.187617
0.510999
0.280616
0.496747
0
0
0.510999
0
0.0462962
0.616895
0
1.27453
0
0.0977347
0
0
0.510999
0.125247
0.229195
1.64989
0.102672
0.699467
0.128801
0
0.510999
0.44462
0.332248
0
0.510999
0
0.510999
0
0.510999
0.328344
0.244583
0
1.46527
0
0
0.33206
0.327177
0
1.27449
0.510999
1.2745
0.172724
0.510999
0.510999
0
0
0.734705
0.0193582
0.144133
0.510999
0.510999
0
0
0.510999
0.510999
0
0.510999
0
0
0.426308
0.510999
0.145765
0
0.344445
0.278259
0.308401
0.110905
0
0.510999
0
0.0273139
1.27455
0
0
0.163533
0
0
0
0.384561
0
0.462187
0.510999
0
0.510999
0
0.510999
1.27453
0
0
0
0.604555
0.223577
0.270495
0
0
0.342527
0.128156
0.510999
0.836735
0
0.510999
0
0.150299
0
0.510999
0
0
0.143034
1.27453
0.436395
0
0.234965
0.510999
0.510999
0.510999
0
1.27453
0
0.233462
0
0
0.0130446
0
1.27453
0.19352
0
0.510999
0.0715433
0
0
0.232923
0.296583
0
0
0.510999
1.27453
0
0.510999
0.245767
0.195727
0.510999
0.0259015
0
0
0
0
0.84274
0
0
0
0.431874
1.27453
0.063999
0.201541
0
1.27453
0.510999
0.354009
0
1.27453
0
0.510999
0
0.0331286
0.510999
1.78553
0.510999
0.510999
0.276595
0.80416
0
0.264299
0
0.510999
0
0.232923
0.296583
0
0
0.510999
1.27453
0
0.510999
0.245767
0.195727
0.510999
0.0259015
0
0
0
0
0.84274
0
0
0
0.431874
1.27453
0.063999
0.201541
0
1.27453
0.510999
0.354009
0
1.27453
0
0.510999
0
0.0331286
0.510999
1.78553
0.510999
0.510999
0.276595
0.80416
0
0.264299
0
0.510999
0
