0.207435
0
0.15384
0.187103
0.510999
0
0
0.510999
0.739278
1.27453
1.27453
0.0274677
0.510999
0
0.202586
0.170744
0
0
1.27453
0.157882
0.510999
0.510999
0.373275
0.510999
1.27453
0.510999
0
0
0
0.510999
0.510999
0.510999
0.282814
0.159592
0.207435
0
0.15384
0.187103
0.510999
0
0
0.510999
0.739278
1.27453
1.27453
0.0274677
0.510999
0
0.202586
0.170744
0
0
1.27453
0.157882
0.510999
0.510999
0.373275
0.510999
1.27453
0.510999
0
0
0
0.510999
0.510999
0.510999
0.282814
0.159592
1.27454
0
0
0.0663813
0
0
0.510999
0
0.510999
0
0.790928
0.155435
0.182583
0
1.27453
0.38774
0.120095
0
0
0.554464
0.307528
0.1485
0.419789
0
0
0.475077
0.145142
0
0
1.03858
0.181467
0.510999
0.510999
0.510999
0.24108
1.27453
0
0.510999
0.190693
0
0.510999
0.510999
0.510999
0.177356
1.27453
0.0524634
0
0.347085
0
0.310623
0.129333
0
0
0.510999
0.615945
0.510999
0
0.510999
0
0.277264
0.287393
1.27453
0.448106
0.275371
0
0
0
0
0
1.16739
0
0.336756
0.251861
0
0.958763
1.27453
0
0.190104
0.510999
0.510999
0.263507
0.0891674
0
0.510999
0
0
0.510999
0.0547672
0
0.0530043
0
0
0
0.389535
1.27453
0
0.106742
0
0
0
0.510999
0.109257
0.883709
0.184931
0.873134
0.6893
0
0.510999
0.159566
0.0874333
0
1.27453
1.27453
0
0.469938
0.510999
0.490411
1.27453
0.340231
0.362357
0.376381
0.271734
0.123496
0.510999
0.172354
0.510999
0
0.0788373
0.510999
1.27453
0.510999
0.214345
0.0583411
0.468733
0.510999
0
0.510999
0
0.510999
0
0
0.755404
0
0
0.158472
0
0.136205
0.201703
0.510999
0.510999
0
0.348831
0.0360573
0.510999
0.510999
0.0394169
1.27453
0.510999
0.510999
0
1.27453
0.510999
0.510999
0.646775
0.510999
0
0
0.510999
0.510999
0
0.509003
0
0.376414
0.510999
0
0
0
0
0.465964
0.186892
0.0229685
0
0
0.510999
0
0.314848
0.31173
0
0
0
0
0
1.27458
1.27453
0
0.912507
0
0.383229
0.510999
0
0.957637
0.188347
0.510999
1.27453
0.281562
0.217464
0
0.510999
0
0.327616
0.376357
0.458939
0
0.510999
0.510999
0
0
0.177878
0
0
0.728179
0.510999
0.31314
0.251021
0
0
0
0.277491
0
0.0846709
0.0282537
0.510999
0
0.300813
0.220557
0.510999
0
0.234899
0.295323
0.42538
0
0.246272
0.0846105
0.510999
0.682814
0.510999
1.27453
0.243199
0.510999
0
0.034576
0.333135
0.686398
0
0.188393
0.510999
0.372742
0
0.510999
0
0.330762
0
1.27453
0
0.510999
0.470686
0.510999
0
0.510999
0
0.692835
0
0
0.510999
0
0
0.0826828
0.0204734
0
0
0
0.345478
0.510999
1.27453
1.27453
0.452411
0.510999
0.510999
0
1.27453
0.223011
0.510999
1.27453
0
0.455198
0
0.510999
0.510999
0.699222
0.510999
0
0
0
0
0
0
0.353634
0.263805
0
0
0
0
0.358129
0.199434
0.510999
0
0.899736
0
0.510999
0
0
0.21038
0
0.6018
0
0.873494
0.338394
1.54911
0
0
0.510999
0.510999
1.27453
0.998595
0.510999
0.510999
0
0.510999
0.605917
0
0
0.177705
0
0
0
0.318487
1.66845
0
0
0.510999
0.260764
0
0.199878
1.27453
0
1.27453
0.261759
1.27453
0.201944
0
0
0
0.0663813
0
0
0.510999
0
0.510999
0
0.790928
0.155435
0.182583
0
1.27453
0.38774
0.120095
0
0
0.554464
0.307528
0.1485
0.419789
0
0
0.475077
0.145142
0
0
1.03858
0.181467
0.510999
0.510999
0.510999
0.24108
1.27453
0.207435
0
0.15384
0.187103
0.510999
0
0
0.510999
0.739278
1.27453
1.27453
0.0274677
0.510999
0
0.202586
0.170744
0
0
1.27453
0.157882
0.510999
0.510999
0.373275
0.510999
1.27453
0.510999
0
0
0
0.510999
0.510999
0.510999
0.282814
0.159592
1.27454
0.510999
0
0
0.0663813
0
0
0.510999
0
0.510999
0
0.790928
0.155435
0.182583
0
1.27453
0.38774
0.120095
0
0
0.554464
0.307528
0.1485
0.419789
0
0
0.475077
0.145142
0
0
1.03858
0.181467
0.510999
0.510999
0.510999
0.24108
1.27453
0
0.510999
0.190693
0
0.510999
0.510999
0.510999
0.177356
1.27453
0.0524634
0
0.347085
0
0.310623
0.129333
0
0
0.510999
0.615945
0.510999
0
0.510999
0
0.277264
0.287393
1.27453
0.448106
0.275371
0
0
0
0
0
1.16739
0
0.336756
0.251861
0
0.958763
0.510999
1.27453
0
0.190104
0.510999
0.510999
0.263507
0.0891674
0
0.510999
0
0
0.510999
0.0547672
0
0.0530043
0
0
0
0.389535
1.27453
0
0.106742
0
0
0
0.510999
0.109257
0.883709
0.184931
0.873134
0.6893
0
0.510999
0.159566
0.0874333
0
1.27453
1.27453
0
0.469938
0.510999
0.490411
1.27453
0.340231
0.362357
0.376381
0.271734
0.123496
0.510999
0.172354
0.510999
0
0.0788373
0.510999
1.27453
0.510999
0.214345
0.0583411
0.468733
0.510999
0
0.510999
0
0.510999
0
0
0.755404
0
0
0.158472
0
0.136205
0.201703
0.510999
0.510999
0
0.348831
0.0360573
0.510999
0.510999
0.0394169
1.27453
0.510999
0.510999
0
1.27453
0.510999
0.510999
0.646775
0.510999
0
0
0.510999
0.510999
0
0.509003
0
0.376414
0.510999
0
0
0
0
0.465964
0.186892
0.0229685
0
0
0.510999
0
0.314848
0.31173
0
0
1.27453
0
0
0
0
1.27458
1.27453
0
0.912507
0
0.383229
0.510999
0
0.957637
0.188347
0.510999
1.27453
0.281562
0.217464
0
0.510999
0
0.327616
0.376357
0.458939
0
0.510999
0.510999
0
0
0.177878
0
0
0.728179
0.510999
0.31314
0.251021
0
0
0
0.277491
0
0.0846709
0.0282537
0.510999
0
0.300813
0.220557
0.172688
0
0
0.274649
0.510999
0
0.234899
0.295323
0.42538
0
0.246272
0.0846105
0.510999
0.682814
0.510999
1.27453
0.243199
0.510999
0
0.034576
0.333135
0.686398
0
0.188393
0.510999
0.372742
0
0.510999
0
0.330762
0
1.27453
0
0.510999
0.470686
0.510999
0
0.510999
0
0.692835
0
0
0.510999
0
0
0.0826828
0.0204734
0
0
0
0.345478
0.510999
0.510999
1.27453
1.27453
0.452411
0.510999
0.510999
0
1.27453
0.223011
0.510999
1.27453
0
0.455198
0
0.510999
0.510999
0.699222
0.510999
0
0
0
0
0
0
0.353634
0.263805
0
0
0
0
0.358129
0.199434
0.510999
0
0.899736
0
0.510999
0
0
0.21038
0
0.6018
0
0
0.873494
0.338394
1.54911
0
0
0.510999
0.510999
1.27453
0.998595
0.510999
0.510999
0
0.510999
0.605917
0
0
0.177705
0
0
0
0.318487
1.66845
0
0
0.510999
0.260764
0
0.199878
1.27453
0
1.27453
0.261759
1.27453
0.201944
0
0
0.510999
0.190693
0
0.510999
0.510999
0.510999
0.177356
1.27453
0.0524634
0
0.347085
0
0.310623
0.129333
0
0
0.510999
0.615945
0.510999
0
0.510999
0
0.277264
0.287393
1.27453
0.448106
0.275371
0
0
0
0
0
1.16739
0
0.336756
0.251861
0
0.958763
0.510999
0.207435
0
0.15384
0.187103
0.510999
0
0
0.510999
0.739278
1.27453
1.27453
0.0274677
0.510999
0
0.202586
0.170744
0
0
1.27453
0.157882
0.510999
0.510999
0.373275
0.510999
1.27453
0.510999
0
0
0
0.510999
0.510999
0.510999
0.282814
0.159592
0
0
0.0663813
0
0
0.510999
0
0.510999
0
0.790928
0.155435
0.182583
0
1.27453
0.38774
0.120095
0
0
0.554464
0.307528
0.1485
0.419789
0
0
0.475077
0.145142
0
0
1.03858
0.181467
0.510999
0.510999
0.510999
0.24108
0
0.510999
0.190693
0
0.510999
0.510999
0.510999
0.177356
1.27453
0.0524634
0
0.347085
0
0.310623
0.129333
0
0
0.510999
0.615945
0.510999
0
0.510999
0
0.277264
0.287393
1.27453
0.448106
0.275371
0
0
0
0
0
1.16739
0
0.336756
0.251861
0
0.958763
0.510999
0.35769
1.27453
0
0.190104
0.510999
0.510999
0.263507
0.0891674
0
0.510999
0
0
0.510999
0.0547672
0
0.0530043
0
0
0
0.389535
1.27453
0
0.106742
0
0
0
0.510999
0.109257
0.883709
0.184931
0.873134
0.6893
0
0.510999
0.159566
0.0874333
0
1.27453
1.27453
0
0.469938
0.510999
0.490411
1.27453
0.340231
0.362357
0.376381
0.271734
0.123496
0.510999
0.172354
0.510999
0
0.0788373
0.510999
1.27453
0.510999
0.214345
0.0583411
0.468733
0.510999
0
0.510999
0
0.510999
0
0
0.755404
0
0
0.158472
0
0.136205
0.201703
0.510999
0.510999
0
0.348831
0.0360573
0.510999
0.510999
0.0394169
0.510999
0.510999
0
1.27453
0.510999
0.510999
0.646775
0.510999
0
0
0.510999
0.510999
0
0.509003
0
0.376414
0.510999
0
0
0
0
0.465964
0.186892
0.0229685
0
0
0.510999
0
0.314848
0.31173
0
0
0
0
0
1.27458
1.27453
0
0.912507
0
0.383229
0.510999
0
0.957637
0.188347
0.510999
1.27453
0.281562
0.217464
0
0.510999
0
0.327616
0.376357
0.458939
0
0.510999
0.510999
0
0
0.177878
0
0
0.728179
0.510999
0.31314
0.251021
0
0
0
0.277491
0
0.0846709
0.0282537
0.510999
0
0.300813
0.220557
0.172688
0
0.510999
0
0.234899
0.295323
0.42538
0
0.246272
0.0846105
0.510999
0.682814
0.510999
1.27453
0.243199
0.510999
0
0.034576
0.333135
0.686398
0
0.188393
0.510999
0.372742
0
0.510999
0
0.330762
0
1.27453
0
0.510999
0.470686
0.510999
0
0.510999
0
0.692835
0
0
0.510999
0
0
0.0826828
0.0204734
0
0
0
0.345478
0.510999
1.27453
1.27453
0.452411
0.510999
0.510999
0
1.27453
0.223011
0.510999
1.27453
0
0.455198
0
0.510999
0.510999
0.699222
0.510999
0
0
0
0
0
0
0.353634
0.263805
0
0
0
0
0.358129
0.199434
0.510999
0
0.899736
0
0.510999
0
0
0.21038
0
0
0.873494
0.338394
1.54911
0
0
0.510999
0.510999
1.27453
0.998595
0.510999
0.510999
0
0.510999
0.605917
0
0
0.177705
0
0
0
0.318487
1.66845
0
0
0.510999
0.260764
0
0.199878
1.27453
0
1.27453
0.261759
1.27453
0.201944
0
1.27453
0
0.190104
0.510999
0.510999
0.263507
0.0891674
0
0.510999
0
0
0.510999
0.0547672
0
0.0530043
0
0
0
0.389535
1.27453
0
0.106742
0
0
0
0.510999
0.109257
0.883709
0.184931
0.873134
0.6893
0
0.510999
0.159566
0.0874333
0
1.27453
1.27453
0
0.469938
0.510999
0.207435
0
0.15384
0.187103
0.510999
0
0
0.510999
0.739278
1.27453
1.27453
0.0274677
0.510999
0
0.202586
0.170744
0
0
1.27453
0.157882
0.510999
0.510999
0.373275
0.510999
1.27453
0.510999
0
0
0
0.510999
0.510999
0.510999
0.282814
0.159592
1.27454
0
0
0.0663813
0
0
0.510999
0
0.510999
0
0.790928
0.155435
0.182583
0
1.27453
0.38774
0.120095
0
0
0.554464
0.307528
0.1485
0.419789
0
0
0.475077
0.145142
0
0
1.03858
0.181467
0.510999
0.510999
0.510999
0.24108
1.27453
0
0.510999
0.190693
0
0.510999
0.510999
0.510999
0.177356
1.27453
0.0524634
0
0.347085
0
0.310623
0.129333
0
0
0.510999
0.615945
0.510999
0
0.510999
0
0.277264
0.287393
1.27453
0.448106
0.275371
0
0
0
0
0
1.16739
0
0.336756
0.251861
0
0.958763
1.27453
0
0.190104
0.510999
0.510999
0.263507
0.0891674
0
0.510999
0
0
0.510999
0.0547672
0
0.0530043
0
0
0
0.389535
1.27453
0
0.106742
0
0
0
0.510999
0.109257
0.883709
0.184931
0.873134
0.6893
0
0.510999
0.159566
0.0874333
0
1.27453
1.27453
0
0.469938
0.510999
0.490411
1.27453
0.340231
0.362357
0.376381
0.271734
0.123496
0.510999
0.172354
0.510999
0
0.0788373
0.510999
1.27453
0.510999
0.214345
0.0583411
0.468733
0.510999
0
0.510999
0
0.510999
0
0
0.755404
0
0
0.158472
0
0.136205
0.201703
0.510999
0.510999
0
0.348831
0.0360573
0.510999
0.510999
0.510999
0.510999
0
1.27453
0.510999
0.510999
0.646775
0.510999
0
0
0.510999
0.510999
0
0.509003
0
0.376414
0.510999
0
0
0
0
0.465964
0.186892
0.0229685
0
0
0.510999
0
0.314848
0.31173
0
0
1.27453
0
0
0
0
1.27458
1.27453
0
0.912507
0
0.383229
0.510999
0
0.957637
0.188347
0.510999
1.27453
0.281562
0.217464
0
0.510999
0
0.327616
0.376357
0.458939
0
0.510999
0.510999
0
0
0.177878
0
0
0.728179
0.510999
0.31314
0.251021
0
0
0
0.277491
0
0.0846709
0.0282537
0.510999
0
0.300813
0.220557
0.510999
0
0.234899
0.295323
0.42538
0
0.246272
0.0846105
0.510999
0.682814
0.510999
1.27453
0.243199
0.510999
0
0.034576
0.333135
0.686398
0
0.188393
0.510999
0.372742
0
0.510999
0
0.330762
0
1.27453
0
0.510999
0.470686
0.510999
0
0.510999
0
0.692835
0
0
0.510999
0
0
0.0826828
0.0204734
0
0
0
0.345478
0.510999
0.510999
1.27453
1.27453
0.452411
0.510999
0.510999
0
1.27453
0.223011
0.510999
1.27453
0
0.455198
0
0.510999
0.510999
0.699222
0.510999
0
0
0
0
0
0
0.353634
0.263805
0
0
0
0
0.358129
0.199434
0.510999
0
0.899736
0
0.510999
0
0
0.21038
0
0
0.873494
0.338394
1.54911
0
0
0.510999
0.510999
1.27453
0.998595
0.510999
0.510999
0
0.510999
0.605917
0
0
0.177705
0
0
0
0.318487
1.66845
0
0
0.510999
0.260764
0
0.199878
1.27453
0
1.27453
0.261759
1.27453
0.201944
0
0.490411
1.27453
0.340231
0.362357
0.376381
0.271734
0.123496
0.510999
0.172354
0.510999
0
0.0788373
0.510999
1.27453
0.510999
0.214345
0.0583411
0.468733
0.510999
0
0.510999
0
0.510999
0
0
0.755404
0
0
0.158472
0
0.136205
0.201703
0.510999
0.510999
0
0.348831
0.0360573
0.510999
0.510999
0.207435
0
0.15384
0.187103
0.510999
0
0
0.510999
0.739278
1.27453
1.27453
0.0274677
0.510999
0
0.202586
0.170744
0
0
1.27453
0.157882
0.510999
0.510999
0.373275
0.510999
1.27453
0.510999
0
0
0
0.510999
0.510999
0.510999
0.282814
0.159592
1.27454
0
0
0.0663813
0
0
0.510999
0
0.510999
0
0.790928
0.155435
0.182583
0
1.27453
0.38774
0.120095
0
0
0.554464
0.307528
0.1485
0.419789
0
0
0.475077
0.145142
0
0
1.03858
0.181467
0.510999
0.510999
0.510999
0.24108
1.27453
0
0.510999
0.190693
0
0.510999
0.510999
0.510999
0.177356
1.27453
0.0524634
0
0.347085
0
0.310623
0.129333
0
0
0.510999
0.615945
0.510999
0
0.510999
0
0.277264
0.287393
1.27453
0.448106
0.275371
0
0
0
0
0
1.16739
0
0.336756
0.251861
0
0.958763
1.27453
0
0.190104
0.510999
0.510999
0.263507
0.0891674
0
0.510999
0
0
0.510999
0.0547672
0
0.0530043
0
0
0
0.389535
1.27453
0
0.106742
0
0
0
0.510999
0.109257
0.883709
0.184931
0.873134
0.6893
0
0.510999
0.159566
0.0874333
0
1.27453
1.27453
0
0.469938
0.510999
0.490411
1.27453
0.340231
0.362357
0.376381
0.271734
0.123496
0.510999
0.172354
0.510999
0
0.0788373
0.510999
1.27453
0.510999
0.214345
0.0583411
0.468733
0.510999
0
0.510999
0
0.510999
0
0
0.755404
0
0
0.158472
0
0.136205
0.201703
0.510999
0.510999
0
0.348831
0.0360573
0.510999
0.510999
0.510999
0.510999
0
1.27453
0.510999
0.510999
0.646775
0.510999
0
0
0.510999
0.510999
0
0.509003
0
0.376414
0.510999
0
0
0
0
0.465964
0.186892
0.0229685
0
0
0.510999
0
0.314848
0.31173
0
0
0
0
0
1.27458
1.27453
0
0.912507
0
0.383229
0.510999
0
0.957637
0.188347
0.510999
1.27453
0.281562
0.217464
0
0.510999
0
0.327616
0.376357
0.458939
0
0.510999
0.510999
0
0
0.177878
0
0
0.728179
0.510999
0.31314
0.251021
0
0
0
0.277491
0
0.0846709
0.0282537
0.510999
0
0.300813
0.220557
0.172688
0
0
0.510999
0
0.234899
0.295323
0.42538
0
0.246272
0.0846105
0.510999
0.682814
0.510999
1.27453
0.243199
0.510999
0
0.034576
0.333135
0.686398
0
0.188393
0.510999
0.372742
0
0.510999
0
0.330762
0
1.27453
0
0.510999
0.470686
0.510999
0
0.510999
0
0.692835
0
0
0.510999
0
0
0.0826828
0.0204734
0
0
0
0.345478
0.510999
1.27453
1.27453
0.452411
0.510999
0.510999
0
1.27453
0.223011
0.510999
1.27453
0
0.455198
0
0.510999
0.510999
0.699222
0.510999
0
0
0
0
0
0
0.353634
0.263805
0
0
0
0
0.358129
0.199434
0.510999
0
0.899736
0
0.510999
0
0
0.21038
0
0
0.873494
0.338394
1.54911
0
0
0.510999
0.510999
1.27453
0.998595
0.510999
0.510999
0
0.510999
0.605917
0
0
0.177705
0
0
0
0.318487
1.66845
0
0
0.510999
0.260764
0
0.199878
1.27453
0
1.27453
0.261759
1.27453
0.201944
0
0.510999
0.510999
0
1.27453
0.510999
0.510999
0.646775
0.510999
0
0
0.510999
0.510999
0
0.509003
0
0.376414
0.510999
0
0
0
0
0.465964
0.186892
0.0229685
0
0
0.510999
0
0.314848
0.31173
0
0.207435
0
0.15384
0.187103
0.510999
0
0
0.510999
0.739278
1.27453
1.27453
0.0274677
0.510999
0
0.202586
0.170744
0
0
1.27453
0.157882
0.510999
0.510999
0.373275
0.510999
1.27453
0.510999
0
0
0
0.510999
0.510999
0.510999
0.282814
0.159592
1.27454
0.510999
0.23499
0
0
0.0663813
0
0
0.510999
0
0.510999
0
0.790928
0.155435
0.182583
0
1.27453
0.38774
0.120095
0
0
0.554464
0.307528
0.1485
0.419789
0
0
0.475077
0.145142
0
0
1.03858
0.181467
0.510999
0.510999
0.510999
0.24108
1.27453
0
0.510999
0.190693
0
0.510999
0.510999
0.510999
0.177356
1.27453
0.0524634
0
0.347085
0
0.310623
0.129333
0
0
0.510999
0.615945
0.510999
0
0.510999
0
0.277264
0.287393
1.27453
0.448106
0.275371
0
0
0
0
0
1.16739
0
0.336756
0.251861
0
0.958763
0.510999
0.35769
0.192259
1.27453
0
0.190104
0.510999
0.510999
0.263507
0.0891674
0
0.510999
0
0
0.510999
0.0547672
0
0.0530043
0
0
0
0.389535
1.27453
0
0.106742
0
0
0
0.510999
0.109257
0.883709
0.184931
0.873134
0.6893
0
0.510999
0.159566
0.0874333
0
1.27453
1.27453
0
0.469938
0.510999
0.490411
1.27453
0.340231
0.362357
0.376381
0.271734
0.123496
0.510999
0.172354
0.510999
0
0.0788373
0.510999
1.27453
0.510999
0.214345
0.0583411
0.468733
0.510999
0
0.510999
0
0.510999
0
0
0.755404
0
0
0.158472
0
0.136205
0.201703
0.510999
0.510999
0
0.348831
0.0360573
0.510999
0.510999
0.0394169
0.510999
0.510999
0
1.27453
0.510999
0.510999
0.646775
0.510999
0
0
0.510999
0.510999
0
0.509003
0
0.376414
0.510999
0
0
0
0
0.465964
0.186892
0.0229685
0
0
0.510999
0
0.314848
0.31173
0
0
0
0
0
1.27458
1.27453
0
0.912507
0
0.383229
0.510999
0
0.957637
0.188347
0.510999
1.27453
0.281562
0.217464
0
0.510999
0
0.327616
0.376357
0.458939
0
0.510999
0.510999
0
0
0.177878
0
0
0.728179
0.510999
0.31314
0.251021
0
0
0
0.277491
0
0.0846709
0.0282537
0.510999
0
0.300813
0.220557
0.172688
0
0
0.510999
0
0.234899
0.295323
0.42538
0
0.246272
0.0846105
0.510999
0.682814
0.510999
1.27453
0.243199
0.510999
0
0.034576
0.333135
0.686398
0
0.188393
0.510999
0.372742
0
0.510999
0
0.330762
0
1.27453
0
0.510999
0.470686
0.510999
0
0.510999
0
0.692835
0
0
0.510999
0
0
0.0826828
0.0204734
0
0
0
0.345478
0.510999
1.27453
1.27453
0.452411
0.510999
0.510999
0
1.27453
0.223011
0.510999
1.27453
0
0.455198
0
0.510999
0.510999
0.699222
0.510999
0
0
0
0
0
0
0.353634
0.263805
0
0
0
0
0.358129
0.199434
0.510999
0
0.899736
0
0.510999
0
0
0.21038
0
0.6018
0
0.873494
0.338394
1.54911
0
0
0.510999
0.510999
1.27453
0.998595
0.510999
0.510999
0
0.510999
0.605917
0
0
0.177705
0
0
0
0.318487
1.66845
0
0
0.510999
0.260764
0
0.199878
1.27453
0
1.27453
0.261759
1.27453
0.201944
0
0
0
0
1.27458
1.27453
0
0.912507
0
0.383229
0.510999
0
0.957637
0.188347
0.510999
1.27453
0.281562
0.217464
0
0.510999
0
0.327616
0.376357
0.458939
0
0.510999
0.510999
0
0
0.177878
0
0
0.728179
0.510999
0.31314
0.251021
0
0
0
0.277491
0
0.0846709
0.0282537
0.510999
0
0.300813
0.220557
0.172688
0.207435
0
0.15384
0.187103
0.510999
0
0
0.510999
0.739278
1.27453
1.27453
0.0274677
0.510999
0
0.202586
0.170744
0
0
1.27453
0.157882
0.510999
0.510999
0.373275
0.510999
1.27453
0.510999
0
0
0
0.510999
0.510999
0.510999
0.282814
0.159592
0
0
0.0663813
0
0
0.510999
0
0.510999
0
0.790928
0.155435
0.182583
0
1.27453
0.38774
0.120095
0
0
0.554464
0.307528
0.1485
0.419789
0
0
0.475077
0.145142
0
0
1.03858
0.181467
0.510999
0.510999
0.510999
0.24108
1.27453
0
0.510999
0.190693
0
0.510999
0.510999
0.510999
0.177356
1.27453
0.0524634
0
0.347085
0
0.310623
0.129333
0
0
0.510999
0.615945
0.510999
0
0.510999
0
0.277264
0.287393
1.27453
0.448106
0.275371
0
0
0
0
0
1.16739
0
0.336756
1.27453
0
0.190104
0.510999
0.510999
0.263507
0.0891674
0
0.510999
0
0
0.510999
0.0547672
0
0.0530043
0
0
0
0.389535
1.27453
0
0.106742
0
0
0
0.510999
0.109257
0.883709
0.184931
0.873134
0.6893
0
0.510999
0.159566
0.0874333
0
1.27453
1.27453
0
0.469938
0.510999
0.490411
1.27453
0.340231
0.362357
0.376381
0.271734
0.123496
0.510999
0.172354
0.510999
0
0.0788373
0.510999
1.27453
0.510999
0.214345
0.0583411
0.468733
0.510999
0
0.510999
0
0.510999
0
0
0.755404
0
0
0.158472
0
0.136205
0.201703
0.510999
0.510999
0
0.348831
0.0360573
0.510999
0.510999
0.510999
0.510999
0
1.27453
0.510999
0.510999
0.646775
0.510999
0
0
0.510999
0.510999
0
0.509003
0
0.376414
0.510999
0
0
0
0
0.465964
0.186892
0.0229685
0
0
0.510999
0
0.314848
0.31173
0
0
0
0
0
1.27458
1.27453
0
0.912507
0
0.383229
0.510999
0
0.957637
0.188347
0.510999
1.27453
0.281562
0.217464
0
0.510999
0
0.327616
0.376357
0.458939
0
0.510999
0.510999
0
0
0.177878
0
0
0.728179
0.510999
0.31314
0.251021
0
0
0
0.277491
0
0.0846709
0.0282537
0.510999
0
0.300813
0.220557
0.172688
0.510999
0
0.234899
0.295323
0.42538
0
0.246272
0.0846105
0.510999
0.682814
0.510999
1.27453
0.243199
0.510999
0
0.034576
0.333135
0.686398
0
0.188393
0.510999
0.372742
0
0.510999
0
0.330762
0
1.27453
0
0.510999
0.470686
0.510999
0
0.510999
0
0.692835
0
0
0.510999
0
0
0.0826828
0.0204734
0
0
0
0.345478
0.510999
1.27453
1.27453
0.452411
0.510999
0.510999
0
1.27453
0.223011
0.510999
1.27453
0
0.455198
0
0.510999
0.510999
0.699222
0.510999
0
0
0
0
0
0
0.353634
0.263805
0
0
0
0
0.358129
0.199434
0.510999
0
0.899736
0
0.510999
0
0
0.21038
0
0.6018
0
0
0.873494
0.338394
1.54911
0
0
0.510999
0.510999
1.27453
0.998595
0.510999
0.510999
0
0.510999
0.605917
0
0
0.177705
0
0
0
0.318487
1.66845
0
0
0.510999
0.260764
0
0.199878
1.27453
0
1.27453
0.261759
1.27453
0.201944
0
0.510999
0
0.234899
0.295323
0.42538
0
0.246272
0.0846105
0.510999
0.682814
0.510999
1.27453
0.243199
0.510999
0
0.034576
0.333135
0.686398
0
0.188393
0.510999
0.372742
0
0.510999
0
0.330762
0
1.27453
0
0.510999
0.470686
0.510999
0
0.510999
0
0.692835
0
0
0.510999
0
0
0.0826828
0.0204734
0
0
0
0.345478
0.510999
0.207435
0
0.15384
0.187103
0.510999
0
0
0.510999
0.739278
1.27453
1.27453
0.0274677
0.510999
0
0.202586
0.170744
0
0
1.27453
0.157882
0.510999
0.510999
0.373275
0.510999
1.27453
0.510999
0
0
0
0.510999
0.510999
0.510999
0.282814
0.159592
1.27454
0.510999
0.23499
0
0
0.0663813
0
0
0.510999
0
0.510999
0
0.790928
0.155435
0.182583
0
1.27453
0.38774
0.120095
0
0
0.554464
0.307528
0.1485
0.419789
0
0
0.475077
0.145142
0
0
1.03858
0.181467
0.510999
0.510999
0.510999
0.24108
1.27453
0
0.510999
0.190693
0
0.510999
0.510999
0.510999
0.177356
1.27453
0.0524634
0
0.347085
0
0.310623
0.129333
0
0
0.510999
0.615945
0.510999
0
0.510999
0
0.277264
0.287393
1.27453
0.448106
0.275371
0
0
0
0
0
1.16739
0
0.336756
1.27453
0
0.190104
0.510999
0.510999
0.263507
0.0891674
0
0.510999
0
0
0.510999
0.0547672
0
0.0530043
0
0
0
0.389535
1.27453
0
0.106742
0
0
0
0.510999
0.109257
0.883709
0.184931
0.873134
0.6893
0
0.510999
0.159566
0.0874333
0
1.27453
1.27453
0
0.469938
0.510999
0.490411
1.27453
0.340231
0.362357
0.376381
0.271734
0.123496
0.510999
0.172354
0.510999
0
0.0788373
0.510999
1.27453
0.510999
0.214345
0.0583411
0.468733
0.510999
0
0.510999
0
0.510999
0
0
0.755404
0
0
0.158472
0
0.136205
0.201703
0.510999
0.510999
0
0.348831
0.0360573
0.510999
0.510999
0.510999
0.510999
0
1.27453
0.510999
0.510999
0.646775
0.510999
0
0
0.510999
0.510999
0
0.509003
0
0.376414
0.510999
0
0
0
0
0.465964
0.186892
0.0229685
0
0
0.510999
0
0.314848
0.31173
0
0
0
0
0
1.27458
1.27453
0
0.912507
0
0.383229
0.510999
0
0.957637
0.188347
0.510999
1.27453
0.281562
0.217464
0
0.510999
0
0.327616
0.376357
0.458939
0
0.510999
0.510999
0
0
0.177878
0
0
0.728179
0.510999
0.31314
0.251021
0
0
0
0.277491
0
0.0846709
0.0282537
0.510999
0
0.300813
0.220557
0.510999
0
0.234899
0.295323
0.42538
0
0.246272
0.0846105
0.510999
0.682814
0.510999
1.27453
0.243199
0.510999
0
0.034576
0.333135
0.686398
0
0.188393
0.510999
0.372742
0
0.510999
0
0.330762
0
1.27453
0
0.510999
0.470686
0.510999
0
0.510999
0
0.692835
0
0
0.510999
0
0
0.0826828
0.0204734
0
0
0
0.345478
1.27453
1.27453
0.452411
0.510999
0.510999
0
1.27453
0.223011
0.510999
1.27453
0
0.455198
0
0.510999
0.510999
0.699222
0.510999
0
0
0
0
0
0
0.353634
0.263805
0
0
0
0
0.358129
0.199434
0.510999
0
0.899736
0
0.510999
0
0
0.21038
0
0
0.873494
0.338394
1.54911
0
0
0.510999
0.510999
1.27453
0.998595
0.510999
0.510999
0
0.510999
0.605917
0
0
0.177705
0
0
0
0.318487
1.66845
0
0
0.510999
0.260764
0
0.199878
1.27453
0
1.27453
0.261759
1.27453
0.201944
0
1.27453
1.27453
0.452411
0.510999
0.510999
0
1.27453
0.223011
0.510999
1.27453
0
0.455198
0
0.510999
0.510999
0.699222
0.510999
0
0
0
0
0
0
0.353634
0.263805
0
0
0
0
0.358129
0.199434
0.510999
0
0.899736
0
0.510999
0
0
0.21038
0
0.207435
0
0.15384
0.187103
0.510999
0
0
0.510999
0.739278
1.27453
1.27453
0.0274677
0.510999
0
0.202586
0.170744
0
0
1.27453
0.157882
0.510999
0.510999
0.373275
0.510999
1.27453
0.510999
0
0
0
0.510999
0.510999
0.510999
0.282814
0.159592
1.27454
0.510999
0.23499
0.510999
0
0
0.0663813
0
0
0.510999
0
0.510999
0
0.790928
0.155435
0.182583
0
1.27453
0.38774
0.120095
0
0
0.554464
0.307528
0.1485
0.419789
0
0
0.475077
0.145142
0
0
1.03858
0.181467
0.510999
0.510999
0.510999
0.24108
0
0.510999
0.190693
0
0.510999
0.510999
0.510999
0.177356
1.27453
0.0524634
0
0.347085
0
0.310623
0.129333
0
0
0.510999
0.615945
0.510999
0
0.510999
0
0.277264
0.287393
1.27453
0.448106
0.275371
0
0
0
0
0
1.16739
0
0.336756
0.251861
0
0.958763
0.510999
0.35769
0.192259
1.27453
0
0.190104
0.510999
0.510999
0.263507
0.0891674
0
0.510999
0
0
0.510999
0.0547672
0
0.0530043
0
0
0
0.389535
1.27453
0
0.106742
0
0
0
0.510999
0.109257
0.883709
0.184931
0.873134
0.6893
0
0.510999
0.159566
0.0874333
0
1.27453
1.27453
0
0.469938
0.510999
0.510999
0.490411
1.27453
0.340231
0.362357
0.376381
0.271734
0.123496
0.510999
0.172354
0.510999
0
0.0788373
0.510999
1.27453
0.510999
0.214345
0.0583411
0.468733
0.510999
0
0.510999
0
0.510999
0
0
0.755404
0
0
0.158472
0
0.136205
0.201703
0.510999
0.510999
0
0.348831
0.0360573
0.510999
0.510999
0.0394169
1.27453
0.510999
0.510999
0
1.27453
0.510999
0.510999
0.646775
0.510999
0
0
0.510999
0.510999
0
0.509003
0
0.376414
0.510999
0
0
0
0
0.465964
0.186892
0.0229685
0
0
0.510999
0
0.314848
0.31173
0
0
0
0
0
1.27458
1.27453
0
0.912507
0
0.383229
0.510999
0
0.957637
0.188347
0.510999
1.27453
0.281562
0.217464
0
0.510999
0
0.327616
0.376357
0.458939
0
0.510999
0.510999
0
0
0.177878
0
0
0.728179
0.510999
0.31314
0.251021
0
0
0
0.277491
0
0.0846709
0.0282537
0.510999
0
0.300813
0.220557
0.510999
0
0.234899
0.295323
0.42538
0
0.246272
0.0846105
0.510999
0.682814
0.510999
1.27453
0.243199
0.510999
0
0.034576
0.333135
0.686398
0
0.188393
0.510999
0.372742
0
0.510999
0
0.330762
0
1.27453
0
0.510999
0.470686
0.510999
0
0.510999
0
0.692835
0
0
0.510999
0
0
0.0826828
0.0204734
0
0
0
0.345478
0.510999
1.27453
1.27453
0.452411
0.510999
0.510999
0
1.27453
0.223011
0.510999
1.27453
0
0.455198
0
0.510999
0.510999
0.699222
0.510999
0
0
0
0
0
0
0.353634
0.263805
0
0
0
0
0.358129
0.199434
0.510999
0
0.899736
0
0.510999
0
0
0.21038
0
0
0.873494
0.338394
1.54911
0
0
0.510999
0.510999
1.27453
0.998595
0.510999
0.510999
0
0.510999
0.605917
0
0
0.177705
0
0
0
0.318487
1.66845
0
0
0.510999
0.260764
0
0.199878
1.27453
0
1.27453
0.261759
1.27453
0.201944
0
0
0.873494
0.338394
1.54911
0
0
0.510999
0.510999
1.27453
0.998595
0.510999
0.510999
0
0.510999
0.605917
0
0
0.177705
0
0
0
0.318487
1.66845
0
0
0.510999
0.260764
0
0.199878
1.27453
0
1.27453
0.261759
1.27453
0.201944
0
