0
0
0.330766
0
0.68958
0.320849
0.214196
0
0.330641
0
0
0.337833
0.140553
0
1.27453
0.510999
0
0
0.29872
0.510999
0.306983
0.510999
0.242748
0.510999
1.24301
0
0
0.304391
0.510999
0
0.0286388
0
0.510999
0
0.184399
0.232007
0.510999
0
0
0
0.330766
0
0.68958
0.320849
0.214196
0
0.330641
0
0
0.337833
0.140553
0
1.27453
0.510999
0
0
0.29872
0.510999
0.306983
0.510999
0.242748
0.510999
1.24301
0
0
0.304391
0.510999
0
0.0286388
0
0.510999
0
0.184399
0.232007
0.510999
0
0
0
0.810291
1.27453
0
0
0.510999
0
0
0
0.510999
0
0.510999
0.164268
0
0.510999
0.510999
0
0.510999
1.27453
0.510999
0.510999
0
1.31801
0.0850834
1.27461
0
0.405948
0
0.550749
0
1.03594
0
0.510999
0.435889
0
0
0.20171
0
1.27453
0
0.207662
0.510999
0.0571767
0
0.510999
0.510999
0
0
0
0.332142
0.510999
0.510999
0.186013
0
0
0
0
0.164886
0
0.510999
0.510999
0.314787
0.300314
0.138888
0.148443
1.27453
0.510999
0
0.965032
0.294956
0
0
0.0222391
0.523317
0
0
0.510999
0.510999
0.303974
0.195809
0
0.453188
0.510999
0.979181
0
0.510999
0.351946
0.510999
0.0893127
0
1.05726
1.04761
1.27453
0
0
1.27453
0
0
0
0.510999
1.27449
0.463067
1.27453
0
0.352776
0
0.43355
0.510999
0
0
0.510999
0
0.268628
1.27453
0.293846
0.407392
0.0120243
0.274152
0
0.214788
0
0.510463
0.319438
0
0
0.510999
0.291293
0.510999
0
0.510999
0.483523
0.445087
0.582014
0.510999
0
0.217874
0.510999
0
0.0252427
0
0.213928
0.114085
0.34736
0.243917
0.510999
0.117784
1.27457
0.237875
0.510999
0.510999
0.510999
1.27453
0.510999
0.148696
0.295521
0.510999
0.219318
0.510999
0.182042
0.510999
0.654365
0
0.0693062
0.510999
1.27453
0.510999
0.253058
0
0.510999
0
1.27453
0
0.331556
0.322762
0.510999
1.27453
1.27454
0
0.510999
0
0.754267
0
0
0
0.288052
0.510999
0.617129
0.180484
0.510999
0
0
0.510999
0
0.510999
0
0.183329
0.510999
0.390641
0.38551
0.240586
0
0.0799415
0
1.27453
0.257799
0.169721
0
0.510999
0.38035
0
1.27453
0.510999
0.677374
0.173548
0
1.27453
0.295496
0.510999
0.106743
0
0.719513
0.232987
0
0.510999
0.532085
0
0
0.466782
0.485927
0.510999
0.510999
0.510999
0.413617
0.510999
0.266931
1.07423
0
0.510999
0.14689
0.510999
0.229766
0
0
0.0287591
0.391872
0.510999
0.0119625
0
1.27455
0.242228
0.0967569
0.510999
0.200805
0.0657661
0.510999
0.510999
1.05208
0.510999
0.310993
0
0.488072
0
0
0.0785735
1.27453
0
0.313406
0.346528
0
0
0.510999
0.510999
0.197421
0
0
0.510999
0.390179
0.510999
1.27453
0.179645
0
0.0493268
0
1.27453
0
0.510999
0.328952
0
0.558729
0.901789
0.213999
0.960759
1.27453
0.993784
0
1.27454
0.510999
0.510999
0
0
0.20001
0.225892
0
0.394792
0.510999
0.332641
0.510999
1.27453
0.217777
0.0722917
0
0.249418
0
0.510999
0
0.0614062
0
0
0
0
0
0.134067
0
0.236729
1.27453
0
0.201585
0
0.769834
0.749227
0
0.392892
0.510999
0.0478993
0
0.510999
0
0.648125
0.510999
0
0.182386
1.27453
0.105528
0
0.218025
0.315272
0.310062
0
0
0.189523
0.510999
0
0
0.901735
0.466899
0
0.222268
0.510999
0.510999
0.510999
0.510999
0
0.510999
0
0.510999
0.510999
0.510999
0.109622
0.510999
0
0.238062
0.510999
0
0
0
0.810291
1.27453
0
0
0.510999
0
0
0
0.510999
0
0.510999
0.164268
0
0.510999
0.510999
0
0.510999
1.27453
0.510999
0.510999
0
1.31801
0.0850834
1.27461
0
0.405948
0
0.550749
0
1.03594
0
0.510999
0.435889
0
0
0.20171
0
1.27453
0
0.207662
0.510999
0.0571767
0
0
0.330766
0
0.68958
0.320849
0.214196
0
0.330641
0
0
0.337833
0.140553
0
1.27453
0.510999
0
0
0.29872
0.510999
0.306983
0.510999
0.242748
0.510999
1.24301
0
0
0.304391
0.510999
0
0.0286388
0
0.510999
0
0.184399
0.232007
0.510999
0
0
0
0.810291
1.27453
0
0
0.510999
0
0
0
0.510999
0
0.510999
0.164268
0
0.510999
0.510999
0
0.510999
1.27453
0.510999
0.510999
0
1.31801
0.0850834
1.27461
0
0.405948
0
0.550749
0
1.03594
0
0.510999
0.435889
0
0
0.20171
0
1.27453
0
0.207662
0.510999
0.0571767
0
0.510999
0.510999
0
0
0
0.332142
0.510999
0.510999
0.186013
0
0
0
0
0.164886
0
0.510999
0.510999
0.314787
0.300314
0.138888
0.148443
1.27453
0.510999
0
0.965032
0.294956
0
0
0.0222391
0.523317
0
0
0.510999
0.510999
0.303974
0.195809
0
0.453188
0.510999
0.979181
0
0.510999
0.351946
0.510999
0.0893127
0
1.05726
1.04761
1.27453
0
0
1.27453
0
0
0
0.510999
1.27449
0.463067
1.27453
0
0.352776
0
0.43355
0.510999
0
0
0.510999
0
0.268628
1.27453
0.293846
0.407392
0.0120243
0.274152
0
0.214788
0
0.510463
0.319438
0
0
0.510999
0.291293
0.510999
0
0.510999
0.483523
0.445087
0.582014
0.510999
0
0.217874
0.510999
0
0.0252427
0
0.213928
0.114085
0.34736
0.243917
0.510999
0.117784
1.27457
0.237875
0.510999
0.510999
0.510999
1.27453
0.510999
0.148696
0.295521
0.510999
0.219318
0.510999
0.182042
0.510999
0.654365
0
0.0693062
0.510999
1.27453
0.510999
0.253058
0
0.510999
0
1.27453
0
0.331556
0.322762
0.510999
1.27453
1.27454
0
0.510999
0
0.754267
0
0
0
0.288052
0.510999
0.617129
0.180484
0.510999
0
0
0.510999
0
0.510999
0
0.183329
0.510999
0.390641
0.38551
0.240586
0
0.0799415
0
1.27453
0.257799
0.169721
0
0.510999
0.38035
0
1.27453
0.510999
0.677374
0.173548
0
1.27453
0.295496
0.510999
0.106743
0
0.719513
0.232987
0
0.510999
0.532085
0
0
0.466782
0.510999
0.510999
0.485927
0.510999
0.510999
0.510999
0.413617
0.510999
0.266931
1.07423
0
0.510999
0.14689
0.510999
0.229766
0
0
0.0287591
0.391872
0.510999
0.0119625
0
1.27455
0.242228
0.0967569
0.510999
0.200805
0.0657661
0.510999
0.510999
1.05208
0.510999
0.310993
0
0.488072
0
0
0.0785735
1.27453
0
0.313406
0.346528
0
0
0.510999
0.510999
0.197421
0
0.0437071
1.27453
1.03967
0.510999
0.103624
0.336232
0
0.510999
0.390179
0.510999
1.27453
0.179645
0
0.0493268
0
1.27453
0
0.510999
0.328952
0
0.558729
0.901789
0.213999
0.960759
1.27453
0.993784
0
1.27454
0.510999
0.510999
0
0
0.20001
0.225892
0
0.394792
0.510999
0.332641
0.510999
1.27453
0.217777
0.0722917
0
0.249418
0
0.510999
0
0.0614062
0
0
0
0
0
0.134067
0
0.236729
1.27453
0
0.201585
0
0.769834
0.749227
0
0.392892
0.510999
0.0478993
0
0.510999
0
0.648125
0.510999
0
0.182386
1.27453
0.105528
0
0.218025
0.315272
0.310062
0
0
0.189523
0.510999
0
0
0.901735
0.466899
0
0.222268
0.510999
0.510999
0.510999
0.510999
0
0.510999
0
0.510999
0.510999
0.510999
0.109622
0.510999
0
0.238062
0.510999
0
0.510999
0.510999
0
0
0
0.332142
0.510999
0.510999
0.186013
0
0
0
0
0.164886
0
0.510999
0.510999
0.314787
0.300314
0.138888
0.148443
1.27453
0.510999
0
0.965032
0.294956
0
0
0.0222391
0.523317
0
0
0.510999
0.510999
0.303974
0.195809
0
0.453188
0.510999
0.979181
0
0.510999
0.351946
0.510999
0.0893127
0
1.05726
1.04761
0
0
0.330766
0
0.68958
0.320849
0.214196
0
0.330641
0
0
0.337833
0.140553
0
1.27453
0.510999
0
0
0.29872
0.510999
0.306983
0.510999
0.242748
0.510999
1.24301
0
0
0.304391
0.510999
0
0.0286388
0
0.510999
0
0.184399
0.232007
0.510999
0
0
0.810291
1.27453
0
0
0.510999
0
0
0
0.510999
0
0.510999
0.164268
0
0.510999
0.510999
0
0.510999
1.27453
0.510999
0.510999
0
1.31801
0.0850834
1.27461
0
0.405948
0
0.550749
0
1.03594
0
0.510999
0.435889
0
0
0.20171
0
1.27453
0
0.207662
0.510999
0.510999
0.510999
0
0
0
0.332142
0.510999
0.510999
0.186013
0
0
0
0
0.164886
0
0.510999
0.510999
0.314787
0.300314
0.138888
0.148443
1.27453
0.510999
0
0.965032
0.294956
0
0
0.0222391
0.523317
0
0
0.510999
0.510999
0.303974
0.195809
0
0.453188
0.510999
0.979181
0
0.510999
0.351946
0.510999
0.0893127
0
1.05726
1.04761
1.27453
0
0
1.27453
0
0
0
0.510999
1.27449
0.463067
1.27453
0
0.352776
0
0.43355
0.510999
0
0
0.510999
0
0.268628
1.27453
0.293846
0.407392
0.0120243
0.274152
0
0.214788
0
0.510463
0.319438
0
0
0.510999
0.291293
0.510999
0
0.510999
0.483523
0.445087
0.582014
0.510999
0
0.217874
0.510999
0
0.0252427
0
0.213928
0.114085
0.34736
0.243917
0.510999
0.117784
1.27457
0.237875
0.510999
0.510999
0.510999
1.27453
0.510999
0.148696
0.295521
0.510999
0.219318
0.510999
0.182042
0.510999
0.654365
0
0.0693062
0.510999
1.27453
0.510999
0.253058
0
0.510999
0
1.27453
0
0.331556
0.322762
0.510999
1.27453
1.27454
0
0.510999
0
0.754267
0
0
0
0.288052
0.510999
0.617129
0.180484
0.510999
0
0
0.510999
0
0.510999
0
0.183329
0.510999
0.390641
0.38551
0.240586
0
0.0799415
0
1.27453
0.257799
0.169721
0
0.510999
0.38035
0
1.27453
0.510999
0.677374
0.173548
0
1.27453
0.295496
0.510999
0.106743
0
0.719513
0.232987
0
0.510999
0.532085
0.485927
0.510999
0.510999
0.510999
0.413617
0.510999
0.266931
1.07423
0
0.510999
0.14689
0.510999
0.229766
0
0
0.0287591
0.391872
0.510999
0.0119625
0
1.27455
0.242228
0.0967569
0.510999
0.200805
0.0657661
0.510999
0.510999
1.05208
0.510999
0.310993
0
0.488072
0
0
0.0785735
1.27453
0
0.313406
0.346528
0
0
0.510999
0.510999
0.197421
0
0.0437071
1.27453
1.03967
0.510999
0
0.510999
0.390179
0.510999
1.27453
0.179645
0
0.0493268
0
1.27453
0
0.510999
0.328952
0
0.558729
0.901789
0.213999
0.960759
1.27453
0.993784
0
1.27454
0.510999
0.510999
0
0
0.20001
0.225892
0
0.394792
0.510999
0.332641
0.510999
1.27453
0.217777
0.0722917
0
0.249418
0
0.510999
0
0.0614062
0
0
0
0
0
0.134067
0
0.236729
1.27453
0
0.201585
0
0.769834
0.749227
0
0.392892
0.510999
0.0478993
0
0.510999
0
0.648125
0.510999
0.182386
1.27453
0.105528
0
0.218025
0.315272
0.310062
0
0
0.189523
0.510999
0
0
0.901735
0.466899
0
0.222268
0.510999
0.510999
0.510999
0.510999
0
0.510999
0
0.510999
0.510999
0.510999
0.109622
0.510999
0
0.238062
0.510999
0
1.27453
0
0
1.27453
0
0
0
0.510999
1.27449
0.463067
1.27453
0
0.352776
0
0.43355
0.510999
0
0
0.510999
0
0.268628
1.27453
0.293846
0.407392
0.0120243
0.274152
0
0.214788
0
0.510463
0.319438
0
0
0.510999
0.291293
0.510999
0
0.510999
0.117644
0
0
0.330766
0
0.68958
0.320849
0.214196
0
0.330641
0
0
0.337833
0.140553
0
1.27453
0.510999
0
0
0.29872
0.510999
0.306983
0.510999
0.242748
0.510999
1.24301
0
0
0.304391
0.510999
0
0.0286388
0
0.510999
0
0.184399
0.232007
0.510999
0
0
0
0.810291
1.27453
0
0
0.510999
0
0
0
0.510999
0
0.510999
0.164268
0
0.510999
0.510999
0
0.510999
1.27453
0.510999
0.510999
0
1.31801
0.0850834
1.27461
0
0.405948
0
0.550749
0
1.03594
0
0.510999
0.435889
0
0
0.20171
0
1.27453
0
0.207662
0.510999
0.0571767
0
0.510999
0.510999
0
0
0
0.332142
0.510999
0.510999
0.186013
0
0
0
0
0.164886
0
0.510999
0.510999
0.314787
0.300314
0.138888
0.148443
1.27453
0.510999
0
0.965032
0.294956
0
0
0.0222391
0.523317
0
0
0.510999
0.510999
0.303974
0.195809
0
0.453188
0.510999
0.979181
0
0.510999
0.351946
0.510999
0.0893127
0
1.05726
1.04761
1.27453
0
0
1.27453
0
0
0
0.510999
1.27449
0.463067
1.27453
0
0.352776
0
0.43355
0.510999
0
0
0.510999
0
0.268628
1.27453
0.293846
0.407392
0.0120243
0.274152
0
0.214788
0
0.510463
0.319438
0
0
0.510999
0.291293
0.510999
0
0.510999
0.117644
0.483523
0.445087
0.582014
0.510999
0
0.217874
0.510999
0
0.0252427
0
0.213928
0.114085
0.34736
0.243917
0.510999
0.117784
1.27457
0.237875
0.510999
0.510999
0.510999
1.27453
0.510999
0.148696
0.295521
0.510999
0.219318
0.510999
0.182042
0.510999
0.654365
0
0.0693062
0.510999
1.27453
0.510999
0.253058
0
0.510999
0
0.322762
0.510999
1.27453
1.27454
0
0.510999
0
0.754267
0
0
0
0.288052
0.510999
0.617129
0.180484
0.510999
0
0
0.510999
0
0.510999
0
0.183329
0.510999
0.390641
0.38551
0.240586
0
0.0799415
0
1.27453
0.257799
0.169721
0
0.510999
0.38035
0
1.27453
0.510999
0.677374
0.173548
0
1.27453
0.295496
0.510999
0.106743
0
0.719513
0.232987
0
0.510999
0.532085
0
0
0.466782
0.510999
0.510999
0.485927
0.510999
0.510999
0.510999
0.413617
0.510999
0.266931
1.07423
0
0.510999
0.14689
0.510999
0.229766
0
0
0.0287591
0.391872
0.510999
0.0119625
0
1.27455
0.242228
0.0967569
0.510999
0.200805
0.0657661
0.510999
0.510999
1.05208
0.510999
0.310993
0
0.488072
0
0
0.0785735
1.27453
0
0.313406
0.346528
0
0
0.510999
0.510999
0.197421
0
0.0437071
0
0.510999
0.390179
0.510999
1.27453
0.179645
0
0.0493268
0
1.27453
0
0.510999
0.328952
0
0.558729
0.901789
0.213999
0.960759
1.27453
0.993784
0
1.27454
0.510999
0.510999
0
0
0.20001
0.225892
0
0.394792
0.510999
0.332641
0.510999
1.27453
0.217777
0.0722917
0
0.249418
0
0.510999
0
0.0614062
0
0
0
0
0
0.134067
0
0.236729
1.27453
0
0.201585
0
0.769834
0.749227
0
0.392892
0.510999
0.0478993
0
0.510999
0
0.648125
0.510999
0.182386
1.27453
0.105528
0
0.218025
0.315272
0.310062
0
0
0.189523
0.510999
0
0
0.901735
0.466899
0
0.222268
0.510999
0.510999
0.510999
0.510999
0
0.510999
0
0.510999
0.510999
0.510999
0.109622
0.510999
0
0.238062
0.510999
0.483523
0.445087
0.582014
0.510999
0
0.217874
0.510999
0
0.0252427
0
0.213928
0.114085
0.34736
0.243917
0.510999
0.117784
1.27457
0.237875
0.510999
0.510999
0.510999
1.27453
0.510999
0.148696
0.295521
0.510999
0.219318
0.510999
0.182042
0.510999
0.654365
0
0.0693062
0.510999
1.27453
0.510999
0.253058
0
0.510999
0
1.27453
0
0
0
0.330766
0
0.68958
0.320849
0.214196
0
0.330641
0
0
0.337833
0.140553
0
1.27453
0.510999
0
0
0.29872
0.510999
0.306983
0.510999
0.242748
0.510999
1.24301
0
0
0.304391
0.510999
0
0.0286388
0
0.510999
0
0.184399
0.232007
0.510999
0
0
0
0.810291
1.27453
0
0
0.510999
0
0
0
0.510999
0
0.510999
0.164268
0
0.510999
0.510999
0
0.510999
1.27453
0.510999
0.510999
0
1.31801
0.0850834
1.27461
0
0.405948
0
0.550749
0
1.03594
0
0.510999
0.435889
0
0
0.20171
0
1.27453
0
0.207662
0.510999
0.0571767
0
0.510999
0.510999
0
0
0
0.332142
0.510999
0.510999
0.186013
0
0
0
0
0.164886
0
0.510999
0.510999
0.314787
0.300314
0.138888
0.148443
1.27453
0.510999
0
0.965032
0.294956
0
0
0.0222391
0.523317
0
0
0.510999
0.510999
0.303974
0.195809
0
0.453188
0.510999
0.979181
0
0.510999
0.351946
0.510999
0.0893127
0
1.05726
1.04761
1.27453
0
0
1.27453
0
0
0
0.510999
1.27449
0.463067
1.27453
0
0.352776
0
0.43355
0.510999
0
0
0.510999
0
0.268628
1.27453
0.293846
0.407392
0.0120243
0.274152
0
0.214788
0
0.510463
0.319438
0
0
0.510999
0.291293
0.510999
0
0.510999
0.483523
0.445087
0.582014
0.510999
0
0.217874
0.510999
0
0.0252427
0
0.213928
0.114085
0.34736
0.243917
0.510999
0.117784
1.27457
0.237875
0.510999
0.510999
0.510999
1.27453
0.510999
0.148696
0.295521
0.510999
0.219318
0.510999
0.182042
0.510999
0.654365
0
0.0693062
0.510999
1.27453
0.510999
0.253058
0
0.322762
0.510999
1.27453
1.27454
0
0.510999
0
0.754267
0
0
0
0.288052
0.510999
0.617129
0.180484
0.510999
0
0
0.510999
0
0.510999
0
0.183329
0.510999
0.390641
0.38551
0.240586
0
0.0799415
0
1.27453
0.257799
0.169721
0
0.510999
0.38035
0
1.27453
0.510999
0.677374
0.173548
0
1.27453
0.295496
0.510999
0.106743
0
0.719513
0.232987
0
0.485927
0.510999
0.510999
0.510999
0.413617
0.510999
0.266931
1.07423
0
0.510999
0.14689
0.510999
0.229766
0
0
0.0287591
0.391872
0.510999
0.0119625
0
1.27455
0.242228
0.0967569
0.510999
0.200805
0.0657661
0.510999
0.510999
1.05208
0.510999
0.310993
0
0.488072
0
0
0.0785735
1.27453
0
0.313406
0.346528
0
0
0.510999
0.510999
0.197421
0
0.0437071
1.27453
1.03967
0.510999
0.103624
0.336232
0
0.510999
0.390179
0.510999
1.27453
0.179645
0
0.0493268
0
1.27453
0
0.510999
0.328952
0
0.558729
0.901789
0.213999
0.960759
1.27453
0.993784
0
1.27454
0.510999
0.510999
0
0
0.20001
0.225892
0
0.394792
0.510999
0.332641
0.510999
1.27453
0.217777
0.0722917
0
0.249418
0
0.510999
0
0.0614062
0
0
0
0
0
0.134067
0
0.236729
1.27453
0
0.201585
0
0.769834
0.749227
0
0.392892
0.510999
0.0478993
0
0.510999
0
0.648125
0.510999
0.182386
1.27453
0.105528
0
0.218025
0.315272
0.310062
0
0
0.189523
0.510999
0
0
0.901735
0.466899
0
0.222268
0.510999
0.510999
0.510999
0.510999
0
0.510999
0
0.510999
0.510999
0.510999
0.109622
0.510999
0
0.238062
0.510999
0
0.322762
0.510999
1.27453
1.27454
0
0.510999
0
0.754267
0
0
0
0.288052
0.510999
0.617129
0.180484
0.510999
0
0
0.510999
0
0.510999
0
0.183329
0.510999
0.390641
0.38551
0.240586
0
0.0799415
0
1.27453
0.257799
0.169721
0
0.510999
0.38035
0
1.27453
0.510999
0.677374
0.173548
0
1.27453
0.295496
0.510999
0.106743
0
0.719513
0.232987
0
0.510999
0
0
0.330766
0
0.68958
0.320849
0.214196
0
0.330641
0
0
0.337833
0.140553
0
1.27453
0.510999
0
0
0.29872
0.510999
0.306983
0.510999
0.242748
0.510999
1.24301
0
0
0.304391
0.510999
0
0.0286388
0
0.510999
0
0.184399
0.232007
0.510999
0
0
0.510999
0
0
0.810291
1.27453
0
0
0.510999
0
0
0
0.510999
0
0.510999
0.164268
0
0.510999
0.510999
0
0.510999
1.27453
0.510999
0.510999
0
1.31801
0.0850834
1.27461
0
0.405948
0
0.550749
0
1.03594
0
0.510999
0.435889
0
0
0.20171
0
1.27453
0
0.207662
0.510999
0.0571767
0
0.510999
0.510999
0
0
0
0.332142
0.510999
0.510999
0.186013
0
0
0
0
0.164886
0
0.510999
0.510999
0.314787
0.300314
0.138888
0.148443
1.27453
0.510999
0
0.965032
0.294956
0
0
0.0222391
0.523317
0
0
0.510999
0.510999
0.303974
0.195809
0
0.453188
0.510999
0.979181
0
0.510999
0.351946
0.510999
0.0893127
0
1.05726
1.04761
1.27453
0
0
1.27453
0
0
0
0.510999
1.27449
0.463067
1.27453
0
0.352776
0
0.43355
0.510999
0
0
0.510999
0
0.268628
1.27453
0.293846
0.407392
0.0120243
0.274152
0
0.214788
0
0.510463
0.319438
0
0
0.510999
0.291293
0.510999
0
0.510999
0.117644
0.483523
0.445087
0.582014
0.510999
0
0.217874
0.510999
0
0.0252427
0
0.213928
0.114085
0.34736
0.243917
0.510999
0.117784
1.27457
0.237875
0.510999
0.510999
0.510999
1.27453
0.510999
0.148696
0.295521
0.510999
0.219318
0.510999
0.182042
0.510999
0.654365
0
0.0693062
0.510999
1.27453
0.510999
0.253058
0
0.510999
0
1.27453
0
0.331556
0.322762
0.510999
1.27453
1.27454
0
0.510999
0
0.754267
0
0
0
0.288052
0.510999
0.617129
0.180484
0.510999
0
0
0.510999
0
0.510999
0
0.183329
0.510999
0.390641
0.38551
0.240586
0
0.0799415
0
1.27453
0.257799
0.169721
0
0.510999
0.38035
0
1.27453
0.510999
0.677374
0.173548
0
1.27453
0.295496
0.510999
0.106743
0
0.719513
0.232987
0
0.510999
0.532085
0
0
0.485927
0.510999
0.510999
0.510999
0.413617
0.510999
0.266931
1.07423
0
0.510999
0.14689
0.510999
0.229766
0
0
0.0287591
0.391872
0.510999
0.0119625
0
1.27455
0.242228
0.0967569
0.510999
0.200805
0.0657661
0.510999
0.510999
1.05208
0.510999
0.310993
0
0.488072
0
0
0.0785735
1.27453
0
0.313406
0.346528
0
0
0.510999
0.510999
0.197421
0
0.0437071
1.27453
1.03967
0.510999
0.103624
0
0.510999
0.390179
0.510999
1.27453
0.179645
0
0.0493268
0
1.27453
0
0.510999
0.328952
0
0.558729
0.901789
0.213999
0.960759
1.27453
0.993784
0
1.27454
0.510999
0.510999
0
0
0.20001
0.225892
0
0.394792
0.510999
0.332641
0.510999
1.27453
0.217777
0.0722917
0
0.249418
0
0.510999
0
0.0614062
0
0
0
0
0
0.134067
0
0.236729
1.27453
0
0.201585
0
0.769834
0.749227
0
0.392892
0.510999
0.0478993
0
0.510999
0
0.648125
0.510999
0
0.182386
1.27453
0.105528
0
0.218025
0.315272
0.310062
0
0
0.189523
0.510999
0
0
0.901735
0.466899
0
0.222268
0.510999
0.510999
0.510999
0.510999
0
0.510999
0
0.510999
0.510999
0.510999
0.109622
0.510999
0
0.238062
0.485927
0.510999
0.510999
0.510999
0.413617
0.510999
0.266931
1.07423
0
0.510999
0.14689
0.510999
0.229766
0
0
0.0287591
0.391872
0.510999
0.0119625
0
1.27455
0.242228
0.0967569
0.510999
0.200805
0.0657661
0.510999
0.510999
1.05208
0.510999
0.310993
0
0.488072
0
0
0.0785735
1.27453
0
0.313406
0.346528
0
0
0.510999
0.510999
0.197421
0
0.0437071
1.27453
0
0
0.330766
0
0.68958
0.320849
0.214196
0
0.330641
0
0
0.337833
0.140553
0
1.27453
0.510999
0
0
0.29872
0.510999
0.306983
0.510999
0.242748
0.510999
1.24301
0
0
0.304391
0.510999
0
0.0286388
0
0.510999
0
0.184399
0.232007
0
0
0.810291
1.27453
0
0
0.510999
0
0
0
0.510999
0
0.510999
0.164268
0
0.510999
0.510999
0
0.510999
1.27453
0.510999
0.510999
0
1.31801
0.0850834
1.27461
0
0.405948
0
0.550749
0
1.03594
0
0.510999
0.435889
0
0
0.20171
0
1.27453
0
0.207662
0.510999
0.0571767
0
0.510999
0.510999
0
0
0
0.332142
0.510999
0.510999
0.186013
0
0
0
0
0.164886
0
0.510999
0.510999
0.314787
0.300314
0.138888
0.148443
1.27453
0.510999
0
0.965032
0.294956
0
0
0.0222391
0.523317
0
0
0.510999
0.510999
0.303974
0.195809
0
0.453188
0.510999
0.979181
0
0.510999
0.351946
0.510999
0.0893127
0
1.05726
1.04761
1.27453
0
0
1.27453
0
0
0
0.510999
1.27449
0.463067
1.27453
0
0.352776
0
0.43355
0.510999
0
0
0.510999
0
0.268628
1.27453
0.293846
0.407392
0.0120243
0.274152
0
0.214788
0
0.510463
0.319438
0
0
0.510999
0.291293
0.510999
0
0.510999
0.117644
0.483523
0.445087
0.582014
0.510999
0
0.217874
0.510999
0
0.0252427
0
0.213928
0.114085
0.34736
0.243917
0.510999
0.117784
1.27457
0.237875
0.510999
0.510999
0.510999
1.27453
0.510999
0.148696
0.295521
0.510999
0.219318
0.510999
0.182042
0.510999
0.654365
0
0.0693062
0.510999
1.27453
0.510999
0.253058
0
0.510999
0.322762
0.510999
1.27453
1.27454
0
0.510999
0
0.754267
0
0
0
0.288052
0.510999
0.617129
0.180484
0.510999
0
0
0.510999
0
0.510999
0
0.183329
0.510999
0.390641
0.38551
0.240586
0
0.0799415
0
1.27453
0.257799
0.169721
0
0.510999
0.38035
0
1.27453
0.510999
0.677374
0.173548
0
1.27453
0.295496
0.510999
0.106743
0
0.719513
0.232987
0
0.510999
0.485927
0.510999
0.510999
0.510999
0.413617
0.510999
0.266931
1.07423
0
0.510999
0.14689
0.510999
0.229766
0
0
0.0287591
0.391872
0.510999
0.0119625
0
1.27455
0.242228
0.0967569
0.510999
0.200805
0.0657661
0.510999
0.510999
1.05208
0.510999
0.310993
0
0.488072
0
0
0.0785735
1.27453
0
0.313406
0.346528
0
0
0.510999
0.510999
0.197421
0
0.0437071
1.27453
0
0.510999
0.390179
0.510999
1.27453
0.179645
0
0.0493268
0
1.27453
0
0.510999
0.328952
0
0.558729
0.901789
0.213999
0.960759
1.27453
0.993784
0
1.27454
0.510999
0.510999
0
0
0.20001
0.225892
0
0.394792
0.510999
0.332641
0.510999
1.27453
0.217777
0.0722917
0
0.249418
0
0.510999
0
0.0614062
0
0
0
0
0
0.134067
0
0.236729
1.27453
0
0.201585
0
0.769834
0.749227
0
0.392892
0.510999
0.0478993
0
0.510999
0
0.648125
0.510999
0
0.182386
1.27453
0.105528
0
0.218025
0.315272
0.310062
0
0
0.189523
0.510999
0
0
0.901735
0.466899
0
0.222268
0.510999
0.510999
0.510999
0.510999
0
0.510999
0
0.510999
0.510999
0.510999
0.109622
0.510999
0
0.238062
0.510999
0
0
0.510999
0.390179
0.510999
1.27453
0.179645
0
0.0493268
0
1.27453
0
0.510999
0.328952
0
0.558729
0.901789
0.213999
0.960759
1.27453
0.993784
0
1.27454
0.510999
0.510999
0
0
0.20001
0.225892
0
0.394792
0.510999
0.332641
0.510999
1.27453
0.217777
0
0
0.330766
0
0.68958
0.320849
0.214196
0
0.330641
0
0
0.337833
0.140553
0
1.27453
0.510999
0
0
0.29872
0.510999
0.306983
0.510999
0.242748
0.510999
1.24301
0
0
0.304391
0.510999
0
0.0286388
0
0.510999
0
0.184399
0.232007
0.510999
0
0
0.510999
0
0
0.810291
1.27453
0
0
0.510999
0
0
0
0.510999
0
0.510999
0.164268
0
0.510999
0.510999
0
0.510999
1.27453
0.510999
0.510999
0
1.31801
0.0850834
1.27461
0
0.405948
0
0.550749
0
1.03594
0
0.510999
0.435889
0
0
0.20171
0
1.27453
0
0.207662
0.510999
0.0571767
0
0.510999
0.510999
0
0
0
0.332142
0.510999
0.510999
0.186013
0
0
0
0
0.164886
0
0.510999
0.510999
0.314787
0.300314
0.138888
0.148443
1.27453
0.510999
0
0.965032
0.294956
0
0
0.0222391
0.523317
0
0
0.510999
0.510999
0.303974
0.195809
0
0.453188
0.510999
0.979181
0
0.510999
0.351946
0.510999
0.0893127
0
1.05726
1.04761
1.27453
0
0
1.27453
0
0
0
0.510999
1.27449
0.463067
1.27453
0
0.352776
0
0.43355
0.510999
0
0
0.510999
0
0.268628
1.27453
0.293846
0.407392
0.0120243
0.274152
0
0.214788
0
0.510463
0.319438
0
0
0.510999
0.291293
0.510999
0
0.510999
0.117644
0.483523
0.445087
0.582014
0.510999
0
0.217874
0.510999
0
0.0252427
0
0.213928
0.114085
0.34736
0.243917
0.510999
0.117784
1.27457
0.237875
0.510999
0.510999
0.510999
1.27453
0.510999
0.148696
0.295521
0.510999
0.219318
0.510999
0.182042
0.510999
0.654365
0
0.0693062
0.510999
1.27453
0.510999
0.253058
0.322762
0.510999
1.27453
1.27454
0
0.510999
0
0.754267
0
0
0
0.288052
0.510999
0.617129
0.180484
0.510999
0
0
0.510999
0
0.510999
0
0.183329
0.510999
0.390641
0.38551
0.240586
0
0.0799415
0
1.27453
0.257799
0.169721
0
0.510999
0.38035
0
1.27453
0.510999
0.677374
0.173548
0
1.27453
0.295496
0.510999
0.106743
0
0.719513
0.232987
0
0.510999
0.532085
0
0
0.485927
0.510999
0.510999
0.510999
0.413617
0.510999
0.266931
1.07423
0
0.510999
0.14689
0.510999
0.229766
0
0
0.0287591
0.391872
0.510999
0.0119625
0
1.27455
0.242228
0.0967569
0.510999
0.200805
0.0657661
0.510999
0.510999
1.05208
0.510999
0.310993
0
0.488072
0
0
0.0785735
1.27453
0
0.313406
0.346528
0
0
0.510999
0.510999
0.197421
0
0
0.510999
0.390179
0.510999
1.27453
0.179645
0
0.0493268
0
1.27453
0
0.510999
0.328952
0
0.558729
0.901789
0.213999
0.960759
1.27453
0.993784
0
1.27454
0.510999
0.510999
0
0
0.20001
0.225892
0
0.394792
0.510999
0.332641
0.510999
1.27453
0.217777
0.0722917
0
0.249418
0
0.510999
0
0.0614062
0
0
0
0
0
0.134067
0
0.236729
1.27453
0
0.201585
0
0.769834
0.749227
0
0.392892
0.510999
0.0478993
0
0.510999
0
0.648125
0.510999
0.182386
1.27453
0.105528
0
0.218025
0.315272
0.310062
0
0
0.189523
0.510999
0
0
0.901735
0.466899
0
0.222268
0.510999
0.510999
0.510999
0.510999
0
0.510999
0
0.510999
0.510999
0.510999
0.109622
0.510999
0
0.238062
0.510999
0
0
0.0722917
0
0.249418
0
0.510999
0
0.0614062
0
0
0
0
0
0.134067
0
0.236729
1.27453
0
0.201585
0
0.769834
0.749227
0
0.392892
0.510999
0.0478993
0
0.510999
0
0.648125
0.510999
0
0
0.330766
0
0.68958
0.320849
0.214196
0
0.330641
0
0
0.337833
0.140553
0
1.27453
0.510999
0
0
0.29872
0.510999
0.306983
0.510999
0.242748
0.510999
1.24301
0
0
0.304391
0.510999
0
0.0286388
0
0.510999
0
0.184399
0.232007
0.510999
0
0
0.510999
0
0
0.810291
1.27453
0
0
0.510999
0
0
0
0.510999
0
0.510999
0.164268
0
0.510999
0.510999
0
0.510999
1.27453
0.510999
0.510999
0
1.31801
0.0850834
1.27461
0
0.405948
0
0.550749
0
1.03594
0
0.510999
0.435889
0
0
0.20171
0
1.27453
0
0.207662
0.510999
0.510999
0.510999
0
0
0
0.332142
0.510999
0.510999
0.186013
0
0
0
0
0.164886
0
0.510999
0.510999
0.314787
0.300314
0.138888
0.148443
1.27453
0.510999
0
0.965032
0.294956
0
0
0.0222391
0.523317
0
0
0.510999
0.510999
0.303974
0.195809
0
0.453188
0.510999
0.979181
0
0.510999
0.351946
0.510999
0.0893127
0
1.05726
1.04761
1.27453
1.27453
0
0
1.27453
0
0
0
0.510999
1.27449
0.463067
1.27453
0
0.352776
0
0.43355
0.510999
0
0
0.510999
0
0.268628
1.27453
0.293846
0.407392
0.0120243
0.274152
0
0.214788
0
0.510463
0.319438
0
0
0.510999
0.291293
0.510999
0
0.510999
0.117644
0.510999
0.483523
0.445087
0.582014
0.510999
0
0.217874
0.510999
0
0.0252427
0
0.213928
0.114085
0.34736
0.243917
0.510999
0.117784
1.27457
0.237875
0.510999
0.510999
0.510999
1.27453
0.510999
0.148696
0.295521
0.510999
0.219318
0.510999
0.182042
0.510999
0.654365
0
0.0693062
0.510999
1.27453
0.510999
0.253058
0
0.510999
0
1.27453
0
0.331556
0.322762
0.510999
1.27453
1.27454
0
0.510999
0
0.754267
0
0
0
0.288052
0.510999
0.617129
0.180484
0.510999
0
0
0.510999
0
0.510999
0
0.183329
0.510999
0.390641
0.38551
0.240586
0
0.0799415
0
1.27453
0.257799
0.169721
0
0.510999
0.38035
0
1.27453
0.510999
0.677374
0.173548
0
1.27453
0.295496
0.510999
0.106743
0
0.719513
0.232987
0
0.510999
0.485927
0.510999
0.510999
0.510999
0.413617
0.510999
0.266931
1.07423
0
0.510999
0.14689
0.510999
0.229766
0
0
0.0287591
0.391872
0.510999
0.0119625
0
1.27455
0.242228
0.0967569
0.510999
0.200805
0.0657661
0.510999
0.510999
1.05208
0.510999
0.310993
0
0.488072
0
0
0.0785735
1.27453
0
0.313406
0.346528
0
0
0.510999
0.510999
0.197421
0
0
0.510999
0.390179
0.510999
1.27453
0.179645
0
0.0493268
0
1.27453
0
0.510999
0.328952
0
0.558729
0.901789
0.213999
0.960759
1.27453
0.993784
0
1.27454
0.510999
0.510999
0
0
0.20001
0.225892
0
0.394792
0.510999
0.332641
0.510999
1.27453
0.217777
0.0722917
0
0.249418
0
0.510999
0
0.0614062
0
0
0
0
0
0.134067
0
0.236729
1.27453
0
0.201585
0
0.769834
0.749227
0
0.392892
0.510999
0.0478993
0
0.510999
0
0.648125
0.182386
1.27453
0.105528
0
0.218025
0.315272
0.310062
0
0
0.189523
0.510999
0
0
0.901735
0.466899
0
0.222268
0.510999
0.510999
0.510999
0.510999
0
0.510999
0
0.510999
0.510999
0.510999
0.109622
0.510999
0
0.238062
0.510999
0
0.182386
1.27453
0.105528
0
0.218025
0.315272
0.310062
0
0
0.189523
0.510999
0
0
0.901735
0.466899
0
0.222268
0.510999
0.510999
0.510999
0.510999
0
0.510999
0
0.510999
0.510999
0.510999
0.109622
0.510999
0
0.238062
0.510999
