0.0823913
0
0.510999
1.27453
0
0
0.340601
0
1.27452
0
0.510999
0
0
0
0.344881
0.140698
0.510999
0.510999
1.27453
0
1.27453
0
1.27453
0
0.702964
0
0
0.808814
1.27453
1.27453
0
0
0
0.510999
0
0
0
0.409997
0.110253
0
0.277037
0.510999
0.510999
0.343271
0
0
0.510999
1.27453
0.0823913
0
0.510999
1.27453
0
0
0.340601
0
1.27452
0
0.510999
0
0
0
0.344881
0.140698
0.510999
0.510999
1.27453
0
1.27453
0
1.27453
0
0.702964
0
0
0.808814
1.27453
1.27453
0
0
0
0.510999
0
0
0
0.409997
0.110253
0
0.277037
0.510999
0.510999
0.343271
0
0
0.510999
1.27453
0.510999
0.382002
0.242007
0.307051
0.510999
0.355887
0.291395
0.376814
0.155072
0.510999
0.11684
0.510999
0
0
0.510999
0.510999
1.02412
1.78553
0.374731
0
0
0
0
0.261366
1.27452
0.510999
0.510999
0.100798
0
0
0.539576
0
0.510999
0.510999
0.927667
0.233066
0.235946
0.407783
0
0.510999
0
0
0.116123
1.27453
0.510999
0.510999
0.510999
0.178857
0.323266
1.27453
0.510999
0
0.558625
0
0
0.510999
0
0
0
0
0.077125
0.42543
0.269912
0.268122
1.27453
0.406556
0.872681
0.222499
0.510999
0
1.27453
0.642973
0.268445
0.510999
0
0
0.510999
1.27453
1.27453
0.143097
0.510999
0.397466
0.510999
0
0.510999
1.27453
0
0.510999
0.510999
0.510999
0
0.510999
0
0
0.510999
1.27453
0.324289
0
0.399607
0.135894
0
0
0
0.319384
0.510999
0.081803
0.296733
0.510999
0.510999
0
0.510999
0.510999
0.510999
0.205022
0.510999
0.510999
0
1.27452
0.191561
0.510999
0.160682
0.00791229
0.532119
0.510999
0
0.510999
0.703156
0
0.510999
0.56747
0.510999
0.64634
0.510999
1.27453
0
0
0
0.841929
0
0.510999
0
0.257179
0.510999
0
0.17554
0.57328
0.510999
0.510999
0.510999
0
0.510999
0
0
0
0
0.462965
0
0.510999
0.510999
0.510999
0.0968437
0.349215
0
1.27453
0.307576
0.400665
0.228199
0
1.27453
0
1.27453
0.299348
0.529929
0
0.31849
0
0
0.510999
0
0.154341
0.510999
0.388296
0.510999
0
0
0
1.01373
1.27451
1.27453
1.27453
0
0.510999
0.510999
0.510999
0.510999
0.232912
0
0.510999
0.510999
0.718568
0.49495
0
0.510999
0.0162359
0
0
0
0.510999
0
0.0274812
0.510999
1.01997
0.0411503
0
0
0
0.238698
0
0
0.292477
0.477386
0
0.510999
0.510999
0
0
0.233567
0
0
0.510999
0.510999
0
0.917519
0
0.510999
0
0.510999
0
0.148984
0.510999
0.510999
0.294272
0.0751558
0
0.174146
0.195623
1.27451
0
0
0.710287
0.273495
0.146253
1.27454
0
0.510999
0.510999
0.0939481
0
0
0.510999
0.510999
0
0
0.510999
0.499687
0
0.510999
1.27453
0
0.207623
0.181489
0.297075
0.510999
0.510999
0.82426
0
0
0
0.174332
0.173235
0.661586
1.27453
0.00702437
0.510999
0
1.27453
0.111663
0
0.510999
0
0.510999
0
1.21443
0
0.510999
0
1.27453
1.05119
0
0
0.284268
0
0.245143
0.510999
0.510999
0
1.27453
0
0.488064
1.27453
0.0130342
0
0.510999
0.510999
0
0.40743
0
1.27453
0
0
0.837003
0.510999
0.0593681
0
0.923579
0.510999
0
0
0.177654
0
1.27453
0.206351
0.510999
0
0
0.973945
0.179061
0.918093
0
0.510999
0.205631
0
0.256445
0
1.2745
0.510999
0.72201
0.253427
0.335173
0.0937948
0.510999
0
0.510999
1.27453
0.327069
0.510999
0
0
0.0689146
1.27453
0
0.136963
0
0
0.0346421
0.510999
0.0420369
0.510999
0
0.867194
0
0.510999
1.27453
0.251514
0.510999
0.510999
0.510999
0.510999
0
0.171628
0
1.64979
1.01762
0.510999
0
0
0
0.0760023
0.510999
0
0.337529
0.330369
0
0
0
0
0.242007
0.307051
0.510999
0.355887
0.291395
0.376814
0.155072
0.510999
0.11684
0.510999
0
0
0.510999
0.510999
1.02412
1.78553
0.374731
0
0
0
0
0.261366
1.27452
0.510999
0.510999
0.100798
0
0
0.539576
0
0.510999
0.510999
0.927667
0.233066
0.235946
0.407783
0
0.510999
0
0
0.0823913
0
0.510999
1.27453
0
0
0.340601
0
1.27452
0
0.510999
0
0
0
0.344881
0.140698
0.510999
0.510999
1.27453
0
1.27453
0
1.27453
0
0.702964
0
0
0.808814
1.27453
1.27453
0
0
0
0.510999
0
0
0
0.409997
0.110253
0
0.277037
0.510999
0.510999
0.343271
0
0
0.510999
1.27453
0.510999
0.382002
0.242007
0.307051
0.510999
0.355887
0.291395
0.376814
0.155072
0.510999
0.11684
0.510999
0
0
0.510999
0.510999
1.02412
1.78553
0.374731
0
0
0
0
0.261366
1.27452
0.510999
0.510999
0.100798
0
0
0.539576
0
0.510999
0.510999
0.927667
0.233066
0.235946
0.407783
0
0.510999
0
0
0.116123
1.27453
0.510999
0.510999
0.510999
0.178857
0.323266
1.27453
0.510999
0
0.558625
0
0
0.510999
0
0
0
0
0.077125
0.42543
0.269912
0.268122
1.27453
0.406556
0.872681
0.222499
0.510999
0
1.27453
0.642973
0.268445
0.510999
0
0
0.510999
1.27453
1.27453
0.143097
0.510999
0.397466
0.510999
0
0.510999
1.27453
0
0.510999
0.510999
0.510999
0
0.510999
0
0
0.510999
1.27453
0.324289
0
0.399607
0.135894
0
0
0
0.319384
0.510999
0.081803
0.296733
0.510999
0.510999
0
0.510999
0.510999
0.510999
0.205022
0.510999
0.510999
0
1.27452
0.191561
0.510999
0.160682
0.00791229
0.532119
0.510999
0
0.703156
0
0.510999
0.56747
0.510999
0.64634
0.510999
1.27453
0
0
0
0.841929
0
0.510999
0
0.257179
0.510999
0
0.17554
0.57328
0.510999
0.510999
0.510999
0
0.510999
0
0
0
0
0.462965
0
0.510999
0.510999
0.510999
0.0968437
0.349215
0
1.27453
0.307576
0.400665
0.228199
0
1.27453
0
1.27453
0.299348
0.529929
0
0.31849
0
0
0.510999
0
0.154341
0.510999
0.388296
0.510999
0
0
0
1.01373
1.27451
1.27453
1.27453
0
0.510999
0.510999
0.510999
0.510999
0.232912
0
0.510999
0.510999
0.718568
0.49495
0
0.510999
0.0162359
0
0
0
0.510999
0
0.0274812
0.510999
1.01997
0.0411503
0
0
0
0.238698
0
0
0.292477
0.477386
0
0.510999
0.510999
0
0
0.233567
0
0
0.510999
0.510999
0
0.917519
0
1.27455
0.510999
0
0.510999
0
0.148984
0.510999
0.510999
0.294272
0.0751558
0
0.174146
0.195623
1.27451
0
0
0.710287
0.273495
0.146253
1.27454
0
0.510999
0.510999
0.0939481
0
0
0.510999
1.27453
0.510999
0.510999
0
0
0.510999
0.499687
0
0.510999
1.27453
0
0.207623
0.181489
0.297075
0.510999
0.510999
0.82426
0
0
0
0.174332
0.173235
0.661586
1.27453
0.00702437
0.510999
0
1.27453
0.111663
0
0.510999
0
0.510999
0
1.21443
0
0.510999
0
1.27453
1.05119
0
0
0.284268
0
0.245143
0.510999
0
0.510999
0.510999
0.510999
0
1.27453
0
0.488064
1.27453
0.0130342
0
0.510999
0.510999
0
0.40743
0
1.27453
0
0
0.837003
0.510999
0.0593681
0
0.923579
0.510999
0
0
0.177654
0
1.27453
0.206351
0.510999
0
0
0.973945
0.179061
0.918093
0
0.510999
0.205631
0
0.256445
0
1.2745
0.510999
0.72201
0.253427
0.335173
0.0937948
0.510999
0
0.510999
1.27453
0.327069
0.510999
0
0
0.0689146
1.27453
0
0.136963
0
0
0.0346421
0.510999
0.0420369
0.510999
0
0.867194
0
0.510999
1.27453
0.251514
0.510999
0.510999
0.510999
0.510999
0
0.171628
0
1.64979
1.01762
0.510999
0
0
0
0.0760023
0.510999
0
0.337529
0.330369
0
0
0
0
1.27453
0.510999
0.510999
0.510999
0.178857
0.323266
1.27453
0.510999
0
0.558625
0
0
0.510999
0
0
0
0
0.077125
0.42543
0.269912
0.268122
1.27453
0.406556
0.872681
0.222499
0.510999
0
1.27453
0.642973
0.268445
0.510999
0
0
0.510999
1.27453
1.27453
0.143097
0.510999
0.397466
0.510999
0.0823913
0
0.510999
1.27453
0
0
0.340601
0
1.27452
0
0.510999
0
0
0
0.344881
0.140698
0.510999
0.510999
1.27453
0
1.27453
0
1.27453
0
0.702964
0
0
0.808814
1.27453
1.27453
0
0
0
0.510999
0
0
0
0.409997
0.110253
0
0.277037
0.510999
0.510999
0.343271
0
0
0.510999
0.242007
0.307051
0.510999
0.355887
0.291395
0.376814
0.155072
0.510999
0.11684
0.510999
0
0
0.510999
0.510999
1.02412
1.78553
0.374731
0
0
0
0
0.261366
1.27452
0.510999
0.510999
0.100798
0
0
0.539576
0
0.510999
0.510999
0.927667
0.233066
0.235946
0.407783
0
0.510999
0
0
1.27453
0.510999
0.510999
0.510999
0.178857
0.323266
1.27453
0.510999
0
0.558625
0
0
0.510999
0
0
0
0
0.077125
0.42543
0.269912
0.268122
1.27453
0.406556
0.872681
0.222499
0.510999
0
1.27453
0.642973
0.268445
0.510999
0
0
0.510999
1.27453
1.27453
0.143097
0.510999
0.397466
0.510999
0
0.510999
1.27453
0
0.510999
0.510999
0.510999
0
0.510999
0
0
0.510999
1.27453
0.324289
0
0.399607
0.135894
0
0
0
0.319384
0.510999
0.081803
0.296733
0.510999
0.510999
0
0.510999
0.510999
0.510999
0.205022
0.510999
0.510999
0
1.27452
0.191561
0.510999
0.160682
0.00791229
0.532119
0.510999
0
0.510999
0.703156
0
0.510999
0.56747
0.510999
0.64634
0.510999
1.27453
0
0
0
0.841929
0
0.510999
0
0.257179
0.510999
0
0.17554
0.57328
0.510999
0.510999
0.510999
0
0.510999
0
0
0
0
0.462965
0
0.510999
0.510999
0.510999
0.0968437
0.349215
0
1.27453
0.307576
0.400665
0.228199
0
1.27453
0
1.27453
0.299348
0.529929
0
0.31849
0
0
0.510999
0
0.154341
0.510999
0.388296
0.510999
0
1.01373
1.27451
1.27453
1.27453
0
0.510999
0.510999
0.510999
0.510999
0.232912
0
0.510999
0.510999
0.718568
0.49495
0
0.510999
0.0162359
0
0
0
0.510999
0
0.0274812
0.510999
1.01997
0.0411503
0
0
0
0.238698
0
0
0.292477
0.477386
0
0.510999
0.510999
0
0
0.233567
0
0
0.510999
0.510999
0
0.917519
0.510999
0
0.510999
0
0.148984
0.510999
0.510999
0.294272
0.0751558
0
0.174146
0.195623
1.27451
0
0
0.710287
0.273495
0.146253
1.27454
0
0.510999
0.510999
0.0939481
0
0
0.510999
1.27453
0.510999
0.510999
0
0
0.510999
0.499687
0
0.510999
1.27453
0
0.207623
0.181489
0.297075
0.510999
0.510999
0.82426
0
0
0
0.174332
0.173235
0.661586
1.27453
0.00702437
0.510999
0
1.27453
0.111663
0
0.510999
0
0.510999
0
1.21443
0
0.510999
0
1.27453
1.05119
0
0
0.284268
0
0.245143
0.510999
0.510999
0
1.27453
0
0.488064
1.27453
0.0130342
0
0.510999
0.510999
0
0.40743
0
1.27453
0
0
0.837003
0.510999
0.0593681
0
0.923579
0.510999
0
0
0.177654
0
1.27453
0.206351
0.510999
0
0
0.973945
0.179061
0.918093
0
0.510999
0.205631
0
0.256445
0
1.2745
0.510999
0.72201
0.253427
0.335173
0.0937948
0.510999
0
0.510999
1.27453
0.327069
0.510999
0
0
0.0689146
1.27453
0
0.136963
0
0
0.0346421
0.510999
0.0420369
0.510999
0
0.867194
0
0.510999
1.27453
0.251514
0.510999
0.510999
0.510999
0.510999
0
0.171628
0
1.64979
1.01762
0.510999
0
0
0
0.0760023
0.510999
0
0.337529
0.330369
0
0
0
0
0
0.510999
1.27453
0
0.510999
0.510999
0.510999
0
0.510999
0
0
0.510999
1.27453
0.324289
0
0.399607
0.135894
0
0
0
0.319384
0.510999
0.081803
0.296733
0.510999
0.510999
0
0.510999
0.510999
0.510999
0.205022
0.510999
0.510999
0
1.27452
0.191561
0.510999
0.160682
0.00791229
0.532119
0.510999
0
0.510999
0.510999
0.0823913
0
0.510999
1.27453
0
0
0.340601
0
1.27452
0
0.510999
0
0
0
0.344881
0.140698
0.510999
0.510999
1.27453
0
1.27453
0
1.27453
0
0.702964
0
0
0.808814
1.27453
1.27453
0
0
0
0.510999
0
0
0
0.409997
0.110253
0
0.277037
0.510999
0.510999
0.343271
0
0
0.510999
1.27453
0.510999
0.382002
0.242007
0.307051
0.510999
0.355887
0.291395
0.376814
0.155072
0.510999
0.11684
0.510999
0
0
0.510999
0.510999
1.02412
1.78553
0.374731
0
0
0
0
0.261366
1.27452
0.510999
0.510999
0.100798
0
0
0.539576
0
0.510999
0.510999
0.927667
0.233066
0.235946
0.407783
0
0.510999
0
0
0.116123
1.27453
0.510999
0.510999
0.510999
0.178857
0.323266
1.27453
0.510999
0
0.558625
0
0
0.510999
0
0
0
0
0.077125
0.42543
0.269912
0.268122
1.27453
0.406556
0.872681
0.222499
0.510999
0
1.27453
0.642973
0.268445
0.510999
0
0
0.510999
1.27453
1.27453
0.143097
0.510999
0.397466
0.510999
0
0.510999
1.27453
0
0.510999
0.510999
0.510999
0
0.510999
0
0
0.510999
1.27453
0.324289
0
0.399607
0.135894
0
0
0
0.319384
0.510999
0.081803
0.296733
0.510999
0.510999
0
0.510999
0.510999
0.510999
0.205022
0.510999
0.510999
0
1.27452
0.191561
0.510999
0.160682
0.00791229
0.532119
0.510999
0
0.510999
0.510999
0.13952
0.703156
0
0.510999
0.56747
0.510999
0.64634
0.510999
1.27453
0
0
0
0.841929
0
0.510999
0
0.257179
0.510999
0
0.17554
0.57328
0.510999
0.510999
0.510999
0
0.510999
0
0
0
0
0.462965
0
0.510999
0.510999
0.510999
0.0968437
0.349215
0
1.27453
0.307576
0.400665
0.228199
0
1.27453
0
1.27453
0.299348
0.529929
0
0.31849
0
0
0.510999
0
0.154341
0.510999
0.388296
0.510999
0
1.01373
1.27451
1.27453
1.27453
0
0.510999
0.510999
0.510999
0.510999
0.232912
0
0.510999
0.510999
0.718568
0.49495
0
0.510999
0.0162359
0
0
0
0.510999
0
0.0274812
0.510999
1.01997
0.0411503
0
0
0
0.238698
0
0
0.292477
0.477386
0
0.510999
0.510999
0
0
0.233567
0
0
0.510999
0.510999
0
0.917519
0
1.27455
0.510999
0
0.510999
0
0.148984
0.510999
0.510999
0.294272
0.0751558
0
0.174146
0.195623
1.27451
0
0
0.710287
0.273495
0.146253
1.27454
0
0.510999
0.510999
0.0939481
0
0
0.510999
1.27453
0.510999
0
0
0.510999
0.499687
0
0.510999
1.27453
0
0.207623
0.181489
0.297075
0.510999
0.510999
0.82426
0
0
0
0.174332
0.173235
0.661586
1.27453
0.00702437
0.510999
0
1.27453
0.111663
0
0.510999
0
0.510999
0
1.21443
0
0.510999
0
1.27453
1.05119
0
0
0.284268
0
0.245143
0.510999
0
0.510999
0.510999
0
1.27453
0
0.488064
1.27453
0.0130342
0
0.510999
0.510999
0
0.40743
0
1.27453
0
0
0.837003
0.510999
0.0593681
0
0.923579
0.510999
0
0
0.177654
0
1.27453
0.206351
0.510999
0
0
0.973945
0.179061
0.918093
0
0.510999
0.205631
0
0.256445
0
1.2745
0.510999
0.72201
0.253427
0.335173
0.0937948
0.510999
0
0.510999
1.27453
0.327069
0.510999
0
0
0.0689146
1.27453
0
0.136963
0
0
0.0346421
0.510999
0.0420369
0.510999
0
0.867194
0
0.510999
1.27453
0.251514
0.510999
0.510999
0.510999
0.510999
0
0.171628
0
1.64979
1.01762
0.510999
0
0
0
0.0760023
0.510999
0
0.337529
0.330369
0
0
0
0.703156
0
0.510999
0.56747
0.510999
0.64634
0.510999
1.27453
0
0
0
0.841929
0
0.510999
0
0.257179
0.510999
0
0.17554
0.57328
0.510999
0.510999
0.510999
0
0.510999
0
0
0
0
0.462965
0
0.510999
0.510999
0.510999
0.0968437
0.349215
0
1.27453
0.307576
0.400665
0.228199
0
1.27453
0
1.27453
0.299348
0.529929
0
0.31849
0
0
0.510999
0
0.154341
0.510999
0.388296
0.510999
0
0.0823913
0
0.510999
1.27453
0
0
0.340601
0
1.27452
0
0.510999
0
0
0
0.344881
0.140698
0.510999
0.510999
1.27453
0
1.27453
0
1.27453
0
0.702964
0
0
0.808814
1.27453
1.27453
0
0
0
0.510999
0
0
0
0.409997
0.110253
0
0.277037
0.510999
0.510999
0.343271
0
0
0.510999
1.27453
0.510999
0.242007
0.307051
0.510999
0.355887
0.291395
0.376814
0.155072
0.510999
0.11684
0.510999
0
0
0.510999
0.510999
1.02412
1.78553
0.374731
0
0
0
0
0.261366
1.27452
0.510999
0.510999
0.100798
0
0
0.539576
0
0.510999
0.510999
0.927667
0.233066
0.235946
0.407783
0
0.510999
0
0
0.116123
1.27453
0.510999
0.510999
0.510999
0.178857
0.323266
1.27453
0.510999
0
0.558625
0
0
0.510999
0
0
0
0
0.077125
0.42543
0.269912
0.268122
1.27453
0.406556
0.872681
0.222499
0.510999
0
1.27453
0.642973
0.268445
0.510999
0
0
0.510999
1.27453
1.27453
0.143097
0.510999
0.397466
0.510999
0
0.510999
1.27453
0
0.510999
0.510999
0.510999
0
0.510999
0
0
0.510999
1.27453
0.324289
0
0.399607
0.135894
0
0
0
0.319384
0.510999
0.081803
0.296733
0.510999
0.510999
0
0.510999
0.510999
0.510999
0.205022
0.510999
0.510999
0
1.27452
0.191561
0.510999
0.160682
0.00791229
0.532119
0.510999
0
0.703156
0
0.510999
0.56747
0.510999
0.64634
0.510999
1.27453
0
0
0
0.841929
0
0.510999
0
0.257179
0.510999
0
0.17554
0.57328
0.510999
0.510999
0.510999
0
0.510999
0
0
0
0
0.462965
0
0.510999
0.510999
0.510999
0.0968437
0.349215
0
1.27453
0.307576
0.400665
0.228199
0
1.27453
0
1.27453
0.299348
0.529929
0
0.31849
0
0
0.510999
0
0.154341
0.510999
0.388296
1.01373
1.27451
1.27453
1.27453
0
0.510999
0.510999
0.510999
0.510999
0.232912
0
0.510999
0.510999
0.718568
0.49495
0
0.510999
0.0162359
0
0
0
0.510999
0
0.0274812
0.510999
1.01997
0.0411503
0
0
0
0.238698
0
0
0.292477
0.477386
0
0.510999
0.510999
0
0
0.233567
0
0
0.510999
0
0.510999
0
0.148984
0.510999
0.510999
0.294272
0.0751558
0
0.174146
0.195623
1.27451
0
0
0.710287
0.273495
0.146253
1.27454
0
0.510999
0.510999
0.0939481
0
0
0.510999
1.27453
0.510999
0.510999
0
0
0.510999
0.499687
0
0.510999
1.27453
0
0.207623
0.181489
0.297075
0.510999
0.510999
0.82426
0
0
0
0.174332
0.173235
0.661586
1.27453
0.00702437
0.510999
0
1.27453
0.111663
0
0.510999
0
0.510999
0
1.21443
0
0.510999
0
1.27453
1.05119
0
0
0.284268
0
0.245143
0.510999
0.510999
0
1.27453
0
0.488064
1.27453
0.0130342
0
0.510999
0.510999
0
0.40743
0
1.27453
0
0
0.837003
0.510999
0.0593681
0
0.923579
0.510999
0
0
0.177654
0
1.27453
0.206351
0.510999
0
0
0.973945
0.179061
0.918093
0
0.510999
0.205631
0
0.256445
0
1.2745
0.510999
0.72201
0.253427
0.335173
0.0937948
0.510999
0
0.510999
1.27453
0.327069
0.510999
0
0
0.0689146
1.27453
0
0.136963
0
0
0.0346421
0.510999
0.0420369
0.510999
0
0.867194
0
0.510999
1.27453
0.251514
0.510999
0.510999
0.510999
0.510999
0
0.171628
0
1.64979
1.01762
0.510999
0
0
0
0.0760023
0.510999
0
0.337529
0.330369
0
0
0
0
1.01373
1.27451
1.27453
1.27453
0
0.510999
0.510999
0.510999
0.510999
0.232912
0
0.510999
0.510999
0.718568
0.49495
0
0.510999
0.0162359
0
0
0
0.510999
0
0.0274812
0.510999
1.01997
0.0411503
0
0
0
0.238698
0
0
0.292477
0.477386
0
0.510999
0.510999
0
0
0.233567
0
0
0.510999
0.510999
0.0823913
0
0.510999
1.27453
0
0
0.340601
0
1.27452
0
0.510999
0
0
0
0.344881
0.140698
0.510999
0.510999
1.27453
0
1.27453
0
1.27453
0
0.702964
0
0
0.808814
1.27453
1.27453
0
0
0
0.510999
0
0
0
0.409997
0.110253
0
0.277037
0.510999
0.510999
0.343271
0
0
0.510999
1.27453
0.510999
0.382002
1.57211
0.242007
0.307051
0.510999
0.355887
0.291395
0.376814
0.155072
0.510999
0.11684
0.510999
0
0
0.510999
0.510999
1.02412
1.78553
0.374731
0
0
0
0
0.261366
1.27452
0.510999
0.510999
0.100798
0
0
0.539576
0
0.510999
0.510999
0.927667
0.233066
0.235946
0.407783
0
0.510999
0
0
0.116123
0
1.27453
0.510999
0.510999
0.510999
0.178857
0.323266
1.27453
0.510999
0
0.558625
0
0
0.510999
0
0
0
0
0.077125
0.42543
0.269912
0.268122
1.27453
0.406556
0.872681
0.222499
0.510999
0
1.27453
0.642973
0.268445
0.510999
0
0
0.510999
1.27453
1.27453
0.143097
0.510999
0.397466
0.510999
0
0.510999
1.27453
0
0.510999
0.510999
0.510999
0
0.510999
0
0
0.510999
1.27453
0.324289
0
0.399607
0.135894
0
0
0
0.319384
0.510999
0.081803
0.296733
0.510999
0.510999
0
0.510999
0.510999
0.510999
0.205022
0.510999
0.510999
0
1.27452
0.191561
0.510999
0.160682
0.00791229
0.532119
0.510999
0
0.510999
0.510999
0.13952
0.703156
0
0.510999
0.56747
0.510999
0.64634
0.510999
1.27453
0
0
0
0.841929
0
0.510999
0
0.257179
0.510999
0
0.17554
0.57328
0.510999
0.510999
0.510999
0
0.510999
0
0
0
0
0.462965
0
0.510999
0.510999
0.510999
0.0968437
0.349215
0
1.27453
0.307576
0.400665
0.228199
0
1.27453
0
1.27453
0.299348
0.529929
0
0.31849
0
0
0.510999
0
0.154341
0.510999
0.388296
0.510999
0
1.01373
1.27451
1.27453
1.27453
0
0.510999
0.510999
0.510999
0.510999
0.232912
0
0.510999
0.510999
0.718568
0.49495
0
0.510999
0.0162359
0
0
0
0.510999
0
0.0274812
0.510999
1.01997
0.0411503
0
0
0
0.238698
0
0
0.292477
0.477386
0
0.510999
0.510999
0
0
0.233567
0
0
0.510999
0.510999
0
0.917519
0
0.510999
0
0.510999
0
0.148984
0.510999
0.510999
0.294272
0.0751558
0
0.174146
0.195623
1.27451
0
0
0.710287
0.273495
0.146253
1.27454
0
0.510999
0.510999
0.0939481
0
0
0.510999
1.27453
0.510999
0.510999
0
0
0.510999
0.499687
0
0.510999
1.27453
0
0.207623
0.181489
0.297075
0.510999
0.510999
0.82426
0
0
0
0.174332
0.173235
0.661586
1.27453
0.00702437
0.510999
0
1.27453
0.111663
0
0.510999
0
0.510999
0
1.21443
0
0.510999
0
1.27453
1.05119
0
0
0.284268
0
0.245143
0.510999
0.510999
0
1.27453
0
0.488064
1.27453
0.0130342
0
0.510999
0.510999
0
0.40743
0
1.27453
0
0
0.837003
0.510999
0.0593681
0
0.923579
0.510999
0
0
0.177654
0
1.27453
0.206351
0.510999
0
0
0.973945
0.179061
0.918093
0
0.510999
0.205631
0
0.256445
0
1.2745
0.510999
0.72201
0.253427
0.335173
0.0937948
0.510999
0
0.510999
1.27453
0.327069
0.510999
0
0
0.0689146
1.27453
0
0.136963
0
0
0.0346421
0.510999
0.0420369
0.510999
0
0.867194
0
0.510999
1.27453
0.251514
0.510999
0.510999
0.510999
0.510999
0
0.171628
0
1.64979
1.01762
0.510999
0
0
0
0.0760023
0.510999
0
0.337529
0.330369
0
0
0.510999
0
0.510999
0
0.148984
0.510999
0.510999
0.294272
0.0751558
0
0.174146
0.195623
1.27451
0
0
0.710287
0.273495
0.146253
1.27454
0
0.510999
0.510999
0.0939481
0
0
0.510999
1.27453
0.510999
0.0823913
0
0.510999
1.27453
0
0
0.340601
0
1.27452
0
0.510999
0
0
0
0.344881
0.140698
0.510999
0.510999
1.27453
0
1.27453
0
1.27453
0
0.702964
0
0
0.808814
1.27453
1.27453
0
0
0
0.510999
0
0
0
0.409997
0.110253
0
0.277037
0.510999
0.510999
0.343271
0.242007
0.307051
0.510999
0.355887
0.291395
0.376814
0.155072
0.510999
0.11684
0.510999
0
0
0.510999
0.510999
1.02412
1.78553
0.374731
0
0
0
0
0.261366
1.27452
0.510999
0.510999
0.100798
0
0
0.539576
0
0.510999
0.510999
0.927667
0.233066
0.235946
0.407783
0
0.510999
0
0
0.116123
0
1.27453
0.510999
0.510999
0.510999
0.178857
0.323266
1.27453
0.510999
0
0.558625
0
0
0.510999
0
0
0
0
0.077125
0.42543
0.269912
0.268122
1.27453
0.406556
0.872681
0.222499
0.510999
0
1.27453
0.642973
0.268445
0.510999
0
0
0.510999
1.27453
1.27453
0.143097
0
0.510999
1.27453
0
0.510999
0.510999
0.510999
0
0.510999
0
0
0.510999
1.27453
0.324289
0
0.399607
0.135894
0
0
0
0.319384
0.510999
0.081803
0.296733
0.510999
0.510999
0
0.510999
0.510999
0.510999
0.205022
0.510999
0.510999
0
1.27452
0.191561
0.510999
0.160682
0.00791229
0.532119
0.510999
0
0.510999
0.510999
0.703156
0
0.510999
0.56747
0.510999
0.64634
0.510999
1.27453
0
0
0
0.841929
0
0.510999
0
0.257179
0.510999
0
0.17554
0.57328
0.510999
0.510999
0.510999
0
0.510999
0
0
0
0
0.462965
0
0.510999
0.510999
0.510999
0.0968437
0.349215
0
1.27453
0.307576
0.400665
0.228199
0
1.27453
0
1.27453
0.299348
0.529929
0
0.31849
0
0
0.510999
0
0.154341
0.510999
0.388296
0.510999
0
1.01373
1.27451
1.27453
1.27453
0
0.510999
0.510999
0.510999
0.510999
0.232912
0
0.510999
0.510999
0.718568
0.49495
0
0.510999
0.0162359
0
0
0
0.510999
0
0.0274812
0.510999
1.01997
0.0411503
0
0
0
0.238698
0
0
0.292477
0.477386
0
0.510999
0.510999
0
0
0.233567
0
0
0.510999
0.510999
0
0.510999
0
0.148984
0.510999
0.510999
0.294272
0.0751558
0
0.174146
0.195623
1.27451
0
0
0.710287
0.273495
0.146253
1.27454
0
0.510999
0.510999
0.0939481
0
0
0.510999
1.27453
0.510999
0
0
0.510999
0.499687
0
0.510999
1.27453
0
0.207623
0.181489
0.297075
0.510999
0.510999
0.82426
0
0
0
0.174332
0.173235
0.661586
1.27453
0.00702437
0.510999
0
1.27453
0.111663
0
0.510999
0
0.510999
0
1.21443
0
0.510999
0
1.27453
1.05119
0
0
0.284268
0
0.245143
0.510999
0.510999
0
1.27453
0
0.488064
1.27453
0.0130342
0
0.510999
0.510999
0
0.40743
0
1.27453
0
0
0.837003
0.510999
0.0593681
0
0.923579
0.510999
0
0
0.177654
0
1.27453
0.206351
0.510999
0
0
0.973945
0.179061
0.918093
0
0.510999
0.205631
0
0.256445
0
1.2745
0.510999
0.72201
0.253427
0.335173
0.0937948
0.510999
0
0.510999
1.27453
0.327069
0.510999
0
0
0.0689146
1.27453
0
0.136963
0
0
0.0346421
0.510999
0.0420369
0.510999
0
0.867194
0
0.510999
1.27453
0.251514
0.510999
0.510999
0.510999
0.510999
0
0.171628
0
1.64979
1.01762
0.510999
0
0
0
0.0760023
0.510999
0
0.337529
0.330369
0
0
0
0.510999
0
0
0.510999
0.499687
0
0.510999
1.27453
0
0.207623
0.181489
0.297075
0.510999
0.510999
0.82426
0
0
0
0.174332
0.173235
0.661586
1.27453
0.00702437
0.510999
0
1.27453
0.111663
0
0.510999
0
0.510999
0
1.21443
0
0.510999
0
1.27453
1.05119
0
0
0.284268
0
0.245143
0.510999
0.0823913
0
0.510999
1.27453
0
0
0.340601
0
1.27452
0
0.510999
0
0
0
0.344881
0.140698
0.510999
0.510999
1.27453
0
1.27453
0
1.27453
0
0.702964
0
0
0.808814
1.27453
1.27453
0
0
0
0.510999
0
0
0
0.409997
0.110253
0
0.277037
0.510999
0.510999
0.343271
0
0
0.510999
1.27453
0.510999
0.382002
1.57211
0.242007
0.307051
0.510999
0.355887
0.291395
0.376814
0.155072
0.510999
0.11684
0.510999
0
0
0.510999
0.510999
1.02412
1.78553
0.374731
0
0
0
0
0.261366
1.27452
0.510999
0.510999
0.100798
0
0
0.539576
0
0.510999
0.510999
0.927667
0.233066
0.235946
0.407783
0
0.510999
0
0
0.116123
0
1.27453
0.510999
0.510999
0.510999
0.178857
0.323266
1.27453
0.510999
0
0.558625
0
0
0.510999
0
0
0
0
0.077125
0.42543
0.269912
0.268122
1.27453
0.406556
0.872681
0.222499
0.510999
0
1.27453
0.642973
0.268445
0.510999
0
0
0.510999
1.27453
1.27453
0.143097
0.510999
0.397466
0
0.510999
1.27453
0
0.510999
0.510999
0.510999
0
0.510999
0
0
0.510999
1.27453
0.324289
0
0.399607
0.135894
0
0
0
0.319384
0.510999
0.081803
0.296733
0.510999
0.510999
0
0.510999
0.510999
0.510999
0.205022
0.510999
0.510999
0
1.27452
0.191561
0.510999
0.160682
0.00791229
0.532119
0.510999
0
0.510999
0.510999
0.703156
0
0.510999
0.56747
0.510999
0.64634
0.510999
1.27453
0
0
0
0.841929
0
0.510999
0
0.257179
0.510999
0
0.17554
0.57328
0.510999
0.510999
0.510999
0
0.510999
0
0
0
0
0.462965
0
0.510999
0.510999
0.510999
0.0968437
0.349215
0
1.27453
0.307576
0.400665
0.228199
0
1.27453
0
1.27453
0.299348
0.529929
0
0.31849
0
0
0.510999
0
0.154341
0.510999
0.388296
1.01373
1.27451
1.27453
1.27453
0
0.510999
0.510999
0.510999
0.510999
0.232912
0
0.510999
0.510999
0.718568
0.49495
0
0.510999
0.0162359
0
0
0
0.510999
0
0.0274812
0.510999
1.01997
0.0411503
0
0
0
0.238698
0
0
0.292477
0.477386
0
0.510999
0.510999
0
0
0.233567
0
0
0.510999
0.510999
0
0.917519
0
0.510999
0
0.510999
0
0.148984
0.510999
0.510999
0.294272
0.0751558
0
0.174146
0.195623
1.27451
0
0
0.710287
0.273495
0.146253
1.27454
0
0.510999
0.510999
0.0939481
0
0
0.510999
0.510999
0
0
0.510999
0.499687
0
0.510999
1.27453
0
0.207623
0.181489
0.297075
0.510999
0.510999
0.82426
0
0
0
0.174332
0.173235
0.661586
1.27453
0.00702437
0.510999
0
1.27453
0.111663
0
0.510999
0
0.510999
0
1.21443
0
0.510999
0
1.27453
1.05119
0
0
0.284268
0
0.245143
0.510999
0.510999
0
1.27453
0
0.488064
1.27453
0.0130342
0
0.510999
0.510999
0
0.40743
0
1.27453
0
0
0.837003
0.510999
0.0593681
0
0.923579
0.510999
0
0
0.177654
0
1.27453
0.206351
0.510999
0
0
0.973945
0.179061
0.918093
0
0.510999
0.205631
0
0.256445
0
1.2745
0.510999
0.72201
0.253427
0.335173
0.0937948
0.510999
0
0.510999
1.27453
0.327069
0.510999
0
0
0.0689146
1.27453
0
0.136963
0
0
0.0346421
0.510999
0.0420369
0.510999
0
0.867194
0
0.510999
1.27453
0.251514
0.510999
0.510999
0.510999
0.510999
0
0.171628
0
1.64979
1.01762
0.510999
0
0
0
0.0760023
0.510999
0
0.337529
0.330369
0
0
0
0
0.510999
0.510999
0
1.27453
0
0.488064
1.27453
0.0130342
0
0.510999
0.510999
0
0.40743
0
1.27453
0
0
0.837003
0.510999
0.0593681
0
0.923579
0.510999
0
0
0.177654
0
1.27453
0.206351
0.510999
0
0
0.973945
0.179061
0.918093
0
0.510999
0.205631
0
0.256445
0
1.2745
0.510999
0.72201
0.253427
0.335173
0.0937948
0.510999
0.0823913
0
0.510999
1.27453
0
0
0.340601
0
1.27452
0
0.510999
0
0
0
0.344881
0.140698
0.510999
0.510999
1.27453
0
1.27453
0
1.27453
0
0.702964
0
0
0.808814
1.27453
1.27453
0
0
0
0.510999
0
0
0
0.409997
0.110253
0
0.277037
0.510999
0.510999
0.343271
0
0
0.510999
1.27453
0.510999
0.382002
1.57211
0.242007
0.307051
0.510999
0.355887
0.291395
0.376814
0.155072
0.510999
0.11684
0.510999
0
0
0.510999
0.510999
1.02412
1.78553
0.374731
0
0
0
0
0.261366
1.27452
0.510999
0.510999
0.100798
0
0
0.539576
0
0.510999
0.510999
0.927667
0.233066
0.235946
0.407783
0
0.510999
0
0
1.27453
0.510999
0.510999
0.510999
0.178857
0.323266
1.27453
0.510999
0
0.558625
0
0
0.510999
0
0
0
0
0.077125
0.42543
0.269912
0.268122
1.27453
0.406556
0.872681
0.222499
0.510999
0
1.27453
0.642973
0.268445
0.510999
0
0
0.510999
1.27453
1.27453
0.143097
0.510999
0.397466
0.510999
0
0.510999
1.27453
0
0.510999
0.510999
0.510999
0
0.510999
0
0
0.510999
1.27453
0.324289
0
0.399607
0.135894
0
0
0
0.319384
0.510999
0.081803
0.296733
0.510999
0.510999
0
0.510999
0.510999
0.510999
0.205022
0.510999
0.510999
0
1.27452
0.191561
0.510999
0.160682
0.00791229
0.532119
0.510999
0
0.510999
0.510999
0.13952
0
0.703156
0
0.510999
0.56747
0.510999
0.64634
0.510999
1.27453
0
0
0
0.841929
0
0.510999
0
0.257179
0.510999
0
0.17554
0.57328
0.510999
0.510999
0.510999
0
0.510999
0
0
0
0
0.462965
0
0.510999
0.510999
0.510999
0.0968437
0.349215
0
1.27453
0.307576
0.400665
0.228199
0
1.27453
0
1.27453
0.299348
0.529929
0
0.31849
0
0
0.510999
0
0.154341
0.510999
0.388296
0.510999
0
1.01373
1.27451
1.27453
1.27453
0
0.510999
0.510999
0.510999
0.510999
0.232912
0
0.510999
0.510999
0.718568
0.49495
0
0.510999
0.0162359
0
0
0
0.510999
0
0.0274812
0.510999
1.01997
0.0411503
0
0
0
0.238698
0
0
0.292477
0.477386
0
0.510999
0.510999
0
0
0.233567
0
0
0.510999
0.510999
0
0.510999
0
0.148984
0.510999
0.510999
0.294272
0.0751558
0
0.174146
0.195623
1.27451
0
0
0.710287
0.273495
0.146253
1.27454
0
0.510999
0.510999
0.0939481
0
0
0.510999
0.510999
0
0
0.510999
0.499687
0
0.510999
1.27453
0
0.207623
0.181489
0.297075
0.510999
0.510999
0.82426
0
0
0
0.174332
0.173235
0.661586
1.27453
0.00702437
0.510999
0
1.27453
0.111663
0
0.510999
0
0.510999
0
1.21443
0
0.510999
0
1.27453
1.05119
0
0
0.284268
0
0.245143
0.510999
0.510999
0
1.27453
0
0.488064
1.27453
0.0130342
0
0.510999
0.510999
0
0.40743
0
1.27453
0
0
0.837003
0.510999
0.0593681
0
0.923579
0.510999
0
0
0.177654
0
1.27453
0.206351
0.510999
0
0
0.973945
0.179061
0.918093
0
0.510999
0.205631
0
0.256445
0
1.2745
0.510999
0.72201
0.253427
0.335173
0.0937948
0.510999
0
0.510999
1.27453
0.327069
0.510999
0
0
0.0689146
1.27453
0
0.136963
0
0
0.0346421
0.510999
0.0420369
0.510999
0
0.867194
0
0.510999
1.27453
0.251514
0.510999
0.510999
0.510999
0.510999
0
0.171628
0
1.64979
1.01762
0.510999
0
0
0
0.0760023
0.510999
0
0.337529
0.330369
0
0
0
0
0
0.510999
1.27453
0.327069
0.510999
0
0
0.0689146
1.27453
0
0.136963
0
0
0.0346421
0.510999
0.0420369
0.510999
0
0.867194
0
0.510999
1.27453
0.251514
0.510999
0.510999
0.510999
0.510999
0
0.171628
0
1.64979
1.01762
0.510999
0
0
0
0.0760023
0.510999
0
0.337529
0.330369
0
0
0
