0.510999
0.877809
0
0
1.27453
0.13552
0
0.640175
0.0664439
0.510999
0.175159
0
0
0
0
0.510999
0.115908
0
0
0
0.510999
0
0.315501
0.930209
0.277829
0
0.194391
0
0.19374
0.303825
0.510999
1.27451
1.27453
0.510999
0.133784
0.78567
1.27453
0.97185
0.705822
0
0
1.01472
0.510999
0.379376
0
0
0.510999
0.877809
0
0
1.27453
0.13552
0
0.640175
0.0664439
0.510999
0.175159
0
0
0
0
0.510999
0.115908
0
0
0
0.510999
0
0.315501
0.930209
0.277829
0
0.194391
0
0.19374
0.303825
0.510999
1.27451
1.27453
0.510999
0.133784
0.78567
1.27453
0.97185
0.705822
0
0
1.01472
0.510999
0.379376
0
0
0.510999
0.188789
0.307538
0
0
0
0.737461
0.163389
1.27453
0.328567
0.510999
0
0.510999
0
0.288392
1.27453
0
0.18911
0.959514
0
0
0
0.510999
0
1.27453
0.510999
0.510999
0
0.510999
0.369494
0
0
0
1.27453
0.192169
0.13611
1.27453
0.587653
0
0
0.94087
0.0880308
0
0
0.510999
0.360561
0
0
0.309117
0.510999
0.220887
0
0.248974
0.510999
0.510999
0
0.510999
0
0.250313
0
0.21163
0.510999
0.800641
0
0.510999
0
0
0.209714
0.510999
0.163373
0.218284
0.319722
0.501845
0
0.510999
0.088437
0
0.510999
0
0.510999
0
1.15462
0.510999
0
0.510999
0.745928
1.27453
0.493147
0
0.26698
1.27453
1.25132
0.399575
1.27453
0
0.261717
0.0452875
0.110724
1.27453
0
0.57423
0.510999
0.379788
0.192598
0.0728189
1.27453
0.510999
0
0.0591352
0.510999
0
0.049195
0.510999
0.253615
1.27453
0.695214
0.34743
0.412473
0.388175
0
0.225998
0.510999
0
0.112213
0
0
0.0551549
0
0
0.510999
0.510999
0.510999
0
0.510999
0.510999
0.293305
0.995032
1.27453
0.974667
0
1.27453
0.510999
0
1.27453
0
0
0
0.351456
0
0.0792392
0.413896
1.27453
0.190505
0.115155
0
0.510999
0.510999
0.0977431
0.193828
0
0
0
0.627913
0.510999
0.868005
0
0.510999
0.183181
0
0
0.510999
0
0.57355
0.510999
0
0.207443
0.225273
0
0
0
0.159879
0.510999
0.356988
0
0.0195235
0.0837182
0.103445
0
0.75282
0.21883
0
0.18248
0.510999
0.622926
0.510999
0.510999
0.258899
0.510999
0.299294
0
0.607071
0.255151
0.616846
0.510999
0
1.27453
0
1.27453
0
0.510999
1.04612
0
0.907686
0
0.510999
0.510999
0.510999
0.108662
0.234298
0
1.27454
0
0
1.27453
0.510999
0
0.510999
0
0
0
0
0.510999
0
0.510999
0.510999
0.510999
0
0.510999
0.299726
0
0.510999
0.510999
0
1.27454
1.01369
0.185325
0
0.243657
0.298587
0
0
0.135094
0.510999
0.510999
0
0
0
0.222093
0
0.24407
0.510999
0.915111
0.131005
0.418499
0
1.03221
0.510999
0.624539
0.510999
0.510999
0
0.0241671
0.622899
0
0.510999
0
0
0
0.234097
0
0.287
0.209719
0.510999
0.160954
0.510999
0.510999
0
0
0
0.510999
0.510999
0.510999
0.876251
0
0.510999
0
0
0
0.510999
1.27455
0
0.510999
0.510999
0.510999
0.837053
0.510999
0.510999
0
0.26019
0
1.27453
1.27453
0.254587
0.510999
0.328292
0.307021
0.510999
0.317556
0.510999
0.510999
0.20981
0
1.27453
0.510999
0
0
0.46628
0
0
0.136128
0
0.510999
0
0.207095
0.510999
0.116267
0.780643
0
0
0
0
0
0.261213
0.229061
0.503463
0.510999
0.0371854
0.510999
0.510999
0.195277
0.201849
0
0.510999
0
0
0
0.950536
0.180018
0.180005
0
0.0780195
0.510999
0.510999
0.124645
0
0
0.510999
0.510999
0.475914
1.78553
0
0.116931
0.510999
0.510999
0.188789
0.307538
0
0
0
0.737461
0.163389
1.27453
0.328567
0.510999
0
0.510999
0
0.288392
1.27453
0
0.18911
0.959514
0
0
0
0.510999
0
1.27453
0.510999
0.510999
0
0.510999
0.369494
0
0
0
1.27453
0.192169
0.13611
1.27453
0.510999
0.877809
0
0
1.27453
0.13552
0
0.640175
0.0664439
0.510999
0.175159
0
0
0
0
0.510999
0.115908
0
0
0
0.510999
0
0.315501
0.930209
0.277829
0
0.194391
0
0.19374
0.303825
0.510999
1.27451
1.27453
0.510999
0.133784
0.78567
1.27453
0.97185
0.705822
0
0
1.01472
0.510999
0.379376
0
0
0.499317
0.510999
0.188789
0.307538
0
0
0
0.737461
0.163389
1.27453
0.328567
0.510999
0
0.510999
0
0.288392
1.27453
0
0.18911
0.959514
0
0
0
0.510999
0
1.27453
0.510999
0.510999
0
0.510999
0.369494
0
0
0
1.27453
0.192169
0.13611
1.27453
0.587653
0
0
0.94087
0.0880308
0
0
0.510999
0.360561
0
0
0.309117
0.510999
0.220887
0
0.248974
0.510999
0.510999
0
0.510999
0
0.250313
0
0.21163
0.510999
0.800641
0
0.510999
0
0
0.209714
0.510999
0.163373
0.218284
0.319722
0.501845
0
0.510999
0.088437
0
0.510999
0
0.510999
0
1.15462
0.510999
0
0.510999
0.745928
1.27453
0.493147
0
0.26698
1.27453
1.25132
0.399575
1.27453
0
0.261717
0.0452875
0.110724
1.27453
0
0.57423
0.510999
0.379788
0.192598
0.0728189
1.27453
0.510999
0
0.0591352
0.510999
0
0.049195
0.510999
0.253615
1.27453
0.695214
0.34743
0.412473
0.388175
0
0.225998
0.510999
0
0.112213
0
0
0.0551549
0
0
0.510999
0.510999
0.510999
0
0.510999
0.510999
0.293305
0.995032
1.27453
0.974667
0
1.27453
0.510999
0
1.27453
0
0
0
0.351456
0
0.0792392
0.413896
1.27453
0.190505
0.115155
0
0.510999
0.510999
0.0977431
0.193828
0
0
0
0.627913
0.510999
0.868005
0
0.510999
0.183181
0
0
0.510999
0
0.57355
0.510999
0
0.207443
0.225273
0
0
0
0.159879
0.510999
0.356988
0
0.0195235
0.0837182
0.103445
0
0.75282
0.21883
0
0.18248
0.510999
0.622926
0.510999
0.510999
0.258899
0.510999
0.299294
0
0.607071
0.255151
0.616846
0.510999
0
1.27453
0
1.27453
0
1.27453
0.510999
1.04612
0
0.907686
0
0.510999
0.510999
0.510999
0.108662
0.234298
0
1.27454
0
0
1.27453
0.510999
0
0.510999
0
0
0
0
0.510999
0
0.510999
0.510999
0.510999
0
0.510999
0.299726
0.510999
0.185711
0.322603
0
0
0.510999
0.510999
0
1.27454
1.01369
0.185325
0
0.243657
0.298587
0
0
0.135094
0.510999
0.510999
0
0
0
0.222093
0
0.24407
0.510999
0.915111
0.131005
0.418499
0
1.03221
0.510999
0.624539
0.510999
0.510999
0
0.0241671
0.622899
0
0.510999
0
0
0
0.234097
0
0.287
0.209719
0.510999
0.160954
1.04249
0.510999
0.510999
0.510999
0
0
0
0.510999
0.510999
0.510999
0.876251
0
0.510999
0
0
0
0.510999
1.27455
0
0.510999
0.510999
0.510999
0.837053
0.510999
0.510999
0
0.26019
0
1.27453
1.27453
0.254587
0.510999
0.328292
0.307021
0.510999
0.317556
0.510999
0.510999
0.20981
0
1.27453
0.510999
0
0
0.46628
0
0
0.136128
0
0.510999
0
0.207095
0.510999
0.116267
0.780643
0
0
0
0
0
0.261213
0.229061
0.503463
0.510999
0.0371854
0.510999
0.510999
0.195277
0.201849
0
0.510999
0
0
0
0.950536
0.180018
0.180005
0
0.0780195
0.510999
0.510999
0.124645
0
0
0.510999
0.510999
0.475914
1.78553
0
0.116931
0.510999
0
0
0.94087
0.0880308
0
0
0.510999
0.360561
0
0
0.309117
0.510999
0.220887
0
0.248974
0.510999
0.510999
0
0.510999
0
0.250313
0
0.21163
0.510999
0.800641
0
0.510999
0
0
0.209714
0.510999
0.163373
0.218284
0.319722
0.501845
0
0.510999
0.088437
0
0.510999
0
0.510999
0
1.15462
0.510999
0
0.510999
0.877809
0
0
1.27453
0.13552
0
0.640175
0.0664439
0.510999
0.175159
0
0
0
0
0.510999
0.115908
0
0
0
0.510999
0
0.315501
0.930209
0.277829
0
0.194391
0
0.19374
0.303825
0.510999
1.27451
1.27453
0.510999
0.133784
0.78567
1.27453
0.97185
0.705822
0
0
1.01472
0.510999
0.379376
0
0.510999
0.188789
0.307538
0
0
0
0.737461
0.163389
1.27453
0.328567
0.510999
0
0.510999
0
0.288392
1.27453
0
0.18911
0.959514
0
0
0
0.510999
0
1.27453
0.510999
0.510999
0
0.510999
0.369494
0
0
0
1.27453
0.192169
0.13611
1.27453
0
0
0.94087
0.0880308
0
0
0.510999
0.360561
0
0
0.309117
0.510999
0.220887
0
0.248974
0.510999
0.510999
0
0.510999
0
0.250313
0
0.21163
0.510999
0.800641
0
0.510999
0
0
0.209714
0.510999
0.163373
0.218284
0.319722
0.501845
0
0.510999
0.088437
0
0.510999
0
0.510999
0
1.15462
0.510999
0
1.27453
0.510999
0.745928
1.27453
0.493147
0
0.26698
1.27453
1.25132
0.399575
1.27453
0
0.261717
0.0452875
0.110724
1.27453
0
0.57423
0.510999
0.379788
0.192598
0.0728189
1.27453
0.510999
0
0.0591352
0.510999
0
0.049195
0.510999
0.253615
1.27453
0.695214
0.34743
0.412473
0.388175
0
0.225998
0.510999
0
0.112213
0
0
0.0551549
0
0
0.510999
0.510999
0.510999
0
0.510999
0.510999
0.293305
0.995032
1.27453
0.974667
0
1.27453
0.510999
0
1.27453
0
0
0
0.351456
0
0.0792392
0.413896
1.27453
0.190505
0.115155
0
0.510999
0.510999
0.0977431
0.193828
0
0
0
0.627913
0.510999
0.868005
0
0.510999
0.183181
0
0
0.510999
0
0.57355
0.510999
0
0.225273
0
0
0
0.159879
0.510999
0.356988
0
0.0195235
0.0837182
0.103445
0
0.75282
0.21883
0
0.18248
0.510999
0.622926
0.510999
0.510999
0.258899
0.510999
0.299294
0
0.607071
0.255151
0.616846
0.510999
0
1.27453
0
1.27453
0.510999
1.04612
0
0.907686
0
0.510999
0.510999
0.510999
0.108662
0.234298
0
1.27454
0
0
1.27453
0.510999
0
0.510999
0
0
0
0
0.510999
0
0.510999
0.510999
0.510999
0
0.510999
0.299726
0.510999
0.185711
0.322603
0
0.510999
0.510999
0
1.27454
1.01369
0.185325
0
0.243657
0.298587
0
0
0.135094
0.510999
0.510999
0
0
0
0.222093
0
0.24407
0.510999
0.915111
0.131005
0.418499
0
1.03221
0.510999
0.624539
0.510999
0.510999
0
0.0241671
0.622899
0
0.510999
0
0
0
0.234097
0
0.287
0.209719
0.510999
0.510999
0.510999
0
0
0
0.510999
0.510999
0.510999
0.876251
0
0.510999
0
0
0
0.510999
1.27455
0
0.510999
0.510999
0.510999
0.837053
0.510999
0.510999
0
0.26019
0
1.27453
1.27453
0.254587
0.510999
0.328292
0.307021
0.510999
0.317556
0.510999
0.510999
0.20981
0
1.27453
0.510999
0
0
0.46628
0
0
0.510999
0
0.207095
0.510999
0.116267
0.780643
0
0
0
0
0
0.261213
0.229061
0.503463
0.510999
0.0371854
0.510999
0.510999
0.195277
0.201849
0
0.510999
0
0
0
0.950536
0.180018
0.180005
0
0.0780195
0.510999
0.510999
0.124645
0
0
0.510999
0.510999
0.475914
1.78553
0
0.116931
0.510999
0.510999
0.745928
1.27453
0.493147
0
0.26698
1.27453
1.25132
0.399575
1.27453
0
0.261717
0.0452875
0.110724
1.27453
0
0.57423
0.510999
0.379788
0.192598
0.0728189
1.27453
0.510999
0
0.0591352
0.510999
0
0.049195
0.510999
0.253615
1.27453
0.695214
0.34743
0.412473
0.388175
0
0.225998
0.510999
0.510999
0.877809
0
0
1.27453
0.13552
0
0.640175
0.0664439
0.510999
0.175159
0
0
0
0
0.510999
0.115908
0
0
0
0.510999
0
0.315501
0.930209
0.277829
0
0.194391
0
0.19374
0.303825
0.510999
1.27451
1.27453
0.510999
0.133784
0.78567
1.27453
0.97185
0.705822
0
0
1.01472
0.510999
0.379376
0
0
0.510999
0.188789
0.307538
0
0
0
0.737461
0.163389
1.27453
0.328567
0.510999
0
0.510999
0
0.288392
1.27453
0
0.18911
0.959514
0
0
0
0.510999
0
1.27453
0.510999
0.510999
0
0.510999
0.369494
0
0
0
1.27453
0.192169
0.13611
1.27453
0.587653
0
0
0.94087
0.0880308
0
0
0.510999
0.360561
0
0
0.309117
0.510999
0.220887
0
0.248974
0.510999
0.510999
0
0.510999
0
0.250313
0
0.21163
0.510999
0.800641
0
0.510999
0
0
0.209714
0.510999
0.163373
0.218284
0.319722
0.501845
0
0.510999
0.088437
0
0.510999
0
0.510999
0
1.15462
0.510999
0.510999
0.745928
1.27453
0.493147
0
0.26698
1.27453
1.25132
0.399575
1.27453
0
0.261717
0.0452875
0.110724
1.27453
0
0.57423
0.510999
0.379788
0.192598
0.0728189
1.27453
0.510999
0
0.0591352
0.510999
0
0.049195
0.510999
0.253615
1.27453
0.695214
0.34743
0.412473
0.388175
0
0.225998
0.510999
0
0.112213
0
0
0.0551549
0
0
0.510999
0.510999
0.510999
0
0.510999
0.510999
0.293305
0.995032
1.27453
0.974667
0
1.27453
0.510999
0
1.27453
0
0
0
0.351456
0
0.0792392
0.413896
1.27453
0.190505
0.115155
0
0.510999
0.510999
0.0977431
0.193828
0
0
0
0.627913
0.510999
0.868005
0
0.510999
0.183181
0
0
0.225273
0
0
0
0.159879
0.510999
0.356988
0
0.0195235
0.0837182
0.103445
0
0.75282
0.21883
0
0.18248
0.510999
0.622926
0.510999
0.510999
0.258899
0.510999
0.299294
0
0.607071
0.255151
0.616846
0.510999
0
1.27453
0
1.27453
0
0.510999
1.04612
0
0.907686
0
0.510999
0.510999
0.510999
0.108662
0.234298
0
1.27454
0
0
1.27453
0.510999
0
0.510999
0
0
0
0
0.510999
0
0.510999
0.510999
0.510999
0
0.510999
0.299726
0.510999
0.185711
0.322603
0
0.510999
0.510999
0
1.27454
1.01369
0.185325
0
0.243657
0.298587
0
0
0.135094
0.510999
0.510999
0
0
0
0.222093
0
0.24407
0.510999
0.915111
0.131005
0.418499
0
1.03221
0.510999
0.624539
0.510999
0.510999
0
0.0241671
0.622899
0
0.510999
0
0
0
0.234097
0
0.287
0.209719
0.510999
0.160954
1.04249
0.510999
0.510999
0.510999
0
0
0
0.510999
0.510999
0.510999
0.876251
0
0.510999
0
0
0
0.510999
1.27455
0
0.510999
0.510999
0.510999
0.837053
0.510999
0.510999
0
0.26019
0
1.27453
1.27453
0.254587
0.510999
0.328292
0.307021
0.510999
0.317556
0.510999
0.510999
0.20981
0
1.27453
0.510999
0
0
0.46628
0.510999
0
0.207095
0.510999
0.116267
0.780643
0
0
0
0
0
0.261213
0.229061
0.503463
0.510999
0.0371854
0.510999
0.510999
0.195277
0.201849
0
0.510999
0
0
0
0.950536
0.180018
0.180005
0
0.0780195
0.510999
0.510999
0.124645
0
0
0.510999
0.510999
0.475914
1.78553
0
0.116931
0
0.112213
0
0
0.0551549
0
0
0.510999
0.510999
0.510999
0
0.510999
0.510999
0.293305
0.995032
1.27453
0.974667
0
1.27453
0.510999
0
1.27453
0
0
0
0.351456
0
0.0792392
0.413896
1.27453
0.190505
0.115155
0
0.510999
0.510999
0.0977431
0.193828
0
0
0
0.627913
0.510999
0.868005
0
0.510999
0.183181
0
0
0.510999
0
0.510999
0.877809
0
0
1.27453
0.13552
0
0.640175
0.0664439
0.510999
0.175159
0
0
0
0
0.510999
0.115908
0
0
0
0.510999
0
0.315501
0.930209
0.277829
0
0.194391
0
0.19374
0.303825
0.510999
1.27451
1.27453
0.510999
0.133784
0.78567
1.27453
0.97185
0.705822
0
0
1.01472
0.510999
0.379376
0
0
0.510999
0.188789
0.307538
0
0
0
0.737461
0.163389
1.27453
0.328567
0.510999
0
0.510999
0
0.288392
1.27453
0
0.18911
0.959514
0
0
0
0.510999
0
1.27453
0.510999
0.510999
0
0.510999
0.369494
0
0
0
1.27453
0.192169
0.13611
1.27453
0.587653
0
0
0.94087
0.0880308
0
0
0.510999
0.360561
0
0
0.309117
0.510999
0.220887
0
0.248974
0.510999
0.510999
0
0.510999
0
0.250313
0
0.21163
0.510999
0.800641
0
0.510999
0
0
0.209714
0.510999
0.163373
0.218284
0.319722
0.501845
0
0.510999
0.088437
0
0.510999
0
0.510999
0
1.15462
0.510999
0.510999
0.745928
1.27453
0.493147
0
0.26698
1.27453
1.25132
0.399575
1.27453
0
0.261717
0.0452875
0.110724
1.27453
0
0.57423
0.510999
0.379788
0.192598
0.0728189
1.27453
0.510999
0
0.0591352
0.510999
0
0.049195
0.510999
0.253615
1.27453
0.695214
0.34743
0.412473
0.388175
0
0.225998
0.510999
0
0.112213
0
0
0.0551549
0
0
0.510999
0.510999
0.510999
0
0.510999
0.510999
0.293305
0.995032
1.27453
0.974667
0
1.27453
0.510999
0
1.27453
0
0
0
0.351456
0
0.0792392
0.413896
1.27453
0.190505
0.115155
0
0.510999
0.510999
0.0977431
0.193828
0
0
0
0.627913
0.510999
0.868005
0
0.510999
0.183181
0
0.225273
0
0
0
0.159879
0.510999
0.356988
0
0.0195235
0.0837182
0.103445
0
0.75282
0.21883
0
0.18248
0.510999
0.622926
0.510999
0.510999
0.258899
0.510999
0.299294
0
0.607071
0.255151
0.616846
0.510999
0
1.27453
0
0.510999
1.04612
0
0.907686
0
0.510999
0.510999
0.510999
0.108662
0.234298
0
1.27454
0
0
1.27453
0.510999
0
0.510999
0
0
0
0
0.510999
0
0.510999
0.510999
0.510999
0
0.510999
0.299726
0.510999
0.185711
0.322603
0
0.510999
0.510999
0
1.27454
1.01369
0.185325
0
0.243657
0.298587
0
0
0.135094
0.510999
0.510999
0
0
0
0.222093
0
0.24407
0.510999
0.915111
0.131005
0.418499
0
1.03221
0.510999
0.624539
0.510999
0.510999
0
0.0241671
0.622899
0
0.510999
0
0
0
0.234097
0
0.287
0.209719
0.510999
0.510999
0.510999
0
0
0
0.510999
0.510999
0.510999
0.876251
0
0.510999
0
0
0
0.510999
1.27455
0
0.510999
0.510999
0.510999
0.837053
0.510999
0.510999
0
0.26019
0
1.27453
1.27453
0.254587
0.510999
0.328292
0.307021
0.510999
0.317556
0.510999
0.510999
0.20981
0
1.27453
0.510999
0
0
0.46628
0.510999
0
0.207095
0.510999
0.116267
0.780643
0
0
0
0
0
0.261213
0.229061
0.503463
0.510999
0.0371854
0.510999
0.510999
0.195277
0.201849
0
0.510999
0
0
0
0.950536
0.180018
0.180005
0
0.0780195
0.510999
0.510999
0.124645
0
0
0.510999
0.510999
0.475914
1.78553
0
0.116931
0.510999
0.225273
0
0
0
0.159879
0.510999
0.356988
0
0.0195235
0.0837182
0.103445
0
0.75282
0.21883
0
0.18248
0.510999
0.622926
0.510999
0.510999
0.258899
0.510999
0.299294
0
0.607071
0.255151
0.616846
0.510999
0
1.27453
0
1.27453
0.510999
0.877809
0
0
1.27453
0.13552
0
0.640175
0.0664439
0.510999
0.175159
0
0
0
0
0.510999
0.115908
0
0
0
0.510999
0
0.315501
0.930209
0.277829
0
0.194391
0
0.19374
0.303825
0.510999
1.27451
1.27453
0.510999
0.133784
0.78567
1.27453
0.97185
0.705822
0
0
1.01472
0.510999
0.379376
0
0
0.499317
0.510999
0.188789
0.307538
0
0
0
0.737461
0.163389
1.27453
0.328567
0.510999
0
0.510999
0
0.288392
1.27453
0
0.18911
0.959514
0
0
0
0.510999
0
1.27453
0.510999
0.510999
0
0.510999
0.369494
0
0
0
1.27453
0.192169
0.13611
1.27453
0.587653
0
0
0.94087
0.0880308
0
0
0.510999
0.360561
0
0
0.309117
0.510999
0.220887
0
0.248974
0.510999
0.510999
0
0.510999
0
0.250313
0
0.21163
0.510999
0.800641
0
0.510999
0
0
0.209714
0.510999
0.163373
0.218284
0.319722
0.501845
0
0.510999
0.088437
0
0.510999
0
0.510999
0
1.15462
0.510999
0
1.27453
0.510999
0.745928
1.27453
0.493147
0
0.26698
1.27453
1.25132
0.399575
1.27453
0
0.261717
0.0452875
0.110724
1.27453
0
0.57423
0.510999
0.379788
0.192598
0.0728189
1.27453
0.510999
0
0.0591352
0.510999
0
0.049195
0.510999
0.253615
1.27453
0.695214
0.34743
0.412473
0.388175
0
0.225998
0.510999
0
0.112213
0
0
0.0551549
0
0
0.510999
0.510999
0.510999
0
0.510999
0.510999
0.293305
0.995032
1.27453
0.974667
0
1.27453
0.510999
0
1.27453
0
0
0
0.351456
0
0.0792392
0.413896
1.27453
0.190505
0.115155
0
0.510999
0.510999
0.0977431
0.193828
0
0
0
0.627913
0.510999
0.868005
0
0.510999
0.183181
0
0
0.510999
0
0.57355
0.510999
0.225273
0
0
0
0.159879
0.510999
0.356988
0
0.0195235
0.0837182
0.103445
0
0.75282
0.21883
0
0.18248
0.510999
0.622926
0.510999
0.510999
0.258899
0.510999
0.299294
0
0.607071
0.255151
0.616846
0.510999
0
1.27453
0
1.27453
0.510999
1.04612
0
0.907686
0
0.510999
0.510999
0.510999
0.108662
0.234298
0
1.27454
0
0
1.27453
0.510999
0
0.510999
0
0
0
0
0.510999
0
0.510999
0.510999
0.510999
0
0.510999
0.299726
0.510999
0.185711
0.322603
0
0.510999
0.510999
0
1.27454
1.01369
0.185325
0
0.243657
0.298587
0
0
0.135094
0.510999
0.510999
0
0
0
0.222093
0
0.24407
0.510999
0.915111
0.131005
0.418499
0
1.03221
0.510999
0.624539
0.510999
0.510999
0
0.0241671
0.622899
0
0.510999
0
0
0
0.234097
0
0.287
0.209719
0.510999
0.160954
0.510999
0.510999
0
0
0
0.510999
0.510999
0.510999
0.876251
0
0.510999
0
0
0
0.510999
1.27455
0
0.510999
0.510999
0.510999
0.837053
0.510999
0.510999
0
0.26019
0
1.27453
1.27453
0.254587
0.510999
0.328292
0.307021
0.510999
0.317556
0.510999
0.510999
0.20981
0
1.27453
0.510999
0
0
0.46628
0
0
0.136128
0
0.510999
0
0.207095
0.510999
0.116267
0.780643
0
0
0
0
0
0.261213
0.229061
0.503463
0.510999
0.0371854
0.510999
0.510999
0.195277
0.201849
0
0.510999
0
0
0
0.950536
0.180018
0.180005
0
0.0780195
0.510999
0.510999
0.124645
0
0
0.510999
0.510999
0.475914
1.78553
0
0.510999
1.04612
0
0.907686
0
0.510999
0.510999
0.510999
0.108662
0.234298
0
1.27454
0
0
1.27453
0.510999
0
0.510999
0
0
0
0
0.510999
0
0.510999
0.510999
0.510999
0
0.510999
0.299726
0.510999
0.185711
0.322603
0.510999
0.877809
0
0
1.27453
0.13552
0
0.640175
0.0664439
0.510999
0.175159
0
0
0
0
0.510999
0.115908
0
0
0
0.510999
0
0.315501
0.930209
0.277829
0
0.194391
0
0.19374
0.303825
0.510999
1.27451
1.27453
0.510999
0.133784
0.78567
1.27453
0.97185
0.705822
0
0
1.01472
0.510999
0.379376
0
0.510999
0.188789
0.307538
0
0
0
0.737461
0.163389
1.27453
0.328567
0.510999
0
0.510999
0
0.288392
1.27453
0
0.18911
0.959514
0
0
0
0.510999
0
1.27453
0.510999
0.510999
0
0.510999
0.369494
0
0
0
1.27453
0.192169
0.13611
1.27453
0.587653
0
0
0.94087
0.0880308
0
0
0.510999
0.360561
0
0
0.309117
0.510999
0.220887
0
0.248974
0.510999
0.510999
0
0.510999
0
0.250313
0
0.21163
0.510999
0.800641
0
0.510999
0
0
0.209714
0.510999
0.163373
0.218284
0.319722
0.501845
0
0.510999
0.088437
0
0.510999
0
0.510999
0
1.15462
0.510999
0.745928
1.27453
0.493147
0
0.26698
1.27453
1.25132
0.399575
1.27453
0
0.261717
0.0452875
0.110724
1.27453
0
0.57423
0.510999
0.379788
0.192598
0.0728189
1.27453
0.510999
0
0.0591352
0.510999
0
0.049195
0.510999
0.253615
1.27453
0.695214
0.34743
0.412473
0.388175
0
0.225998
0.510999
0
0.112213
0
0
0.0551549
0
0
0.510999
0.510999
0.510999
0
0.510999
0.510999
0.293305
0.995032
1.27453
0.974667
0
1.27453
0.510999
0
1.27453
0
0
0
0.351456
0
0.0792392
0.413896
1.27453
0.190505
0.115155
0
0.510999
0.510999
0.0977431
0.193828
0
0
0
0.627913
0.510999
0.868005
0
0.510999
0.183181
0
0
0.225273
0
0
0
0.159879
0.510999
0.356988
0
0.0195235
0.0837182
0.103445
0
0.75282
0.21883
0
0.18248
0.510999
0.622926
0.510999
0.510999
0.258899
0.510999
0.299294
0
0.607071
0.255151
0.616846
0.510999
0
1.27453
0
1.27453
0.510999
1.04612
0
0.907686
0
0.510999
0.510999
0.510999
0.108662
0.234298
0
1.27454
0
0
1.27453
0.510999
0
0.510999
0
0
0
0
0.510999
0
0.510999
0.510999
0.510999
0
0.510999
0.299726
0.510999
0.185711
0.322603
0
0.510999
0.510999
0
1.27454
1.01369
0.185325
0
0.243657
0.298587
0
0
0.135094
0.510999
0.510999
0
0
0
0.222093
0
0.24407
0.510999
0.915111
0.131005
0.418499
0
1.03221
0.510999
0.624539
0.510999
0.510999
0
0.0241671
0.622899
0
0.510999
0
0
0
0.234097
0
0.287
0.209719
0.510999
0.510999
0.510999
0
0
0
0.510999
0.510999
0.510999
0.876251
0
0.510999
0
0
0
0.510999
1.27455
0
0.510999
0.510999
0.510999
0.837053
0.510999
0.510999
0
0.26019
0
1.27453
1.27453
0.254587
0.510999
0.328292
0.307021
0.510999
0.317556
0.510999
0.510999
0.20981
0
1.27453
0.510999
0
0
0.46628
0
0
0.136128
0
0.510999
0
0.207095
0.510999
0.116267
0.780643
0
0
0
0
0
0.261213
0.229061
0.503463
0.510999
0.0371854
0.510999
0.510999
0.195277
0.201849
0
0.510999
0
0
0
0.950536
0.180018
0.180005
0
0.0780195
0.510999
0.510999
0.124645
0
0
0.510999
0.510999
0.475914
1.78553
0
0.116931
0
0.510999
0.510999
0
1.27454
1.01369
0.185325
0
0.243657
0.298587
0
0
0.135094
0.510999
0.510999
0
0
0
0.222093
0
0.24407
0.510999
0.915111
0.131005
0.418499
0
1.03221
0.510999
0.624539
0.510999
0.510999
0
0.0241671
0.622899
0
0.510999
0
0
0
0.234097
0
0.287
0.209719
0.510999
0.510999
0.877809
0
0
1.27453
0.13552
0
0.640175
0.0664439
0.510999
0.175159
0
0
0
0
0.510999
0.115908
0
0
0
0.510999
0
0.315501
0.930209
0.277829
0
0.194391
0
0.19374
0.303825
0.510999
1.27451
1.27453
0.510999
0.133784
0.78567
1.27453
0.97185
0.705822
0
0
1.01472
0.510999
0.379376
0
0
0.499317
0.510999
0.188789
0.307538
0
0
0
0.737461
0.163389
1.27453
0.328567
0.510999
0
0.510999
0
0.288392
1.27453
0
0.18911
0.959514
0
0
0
0.510999
0
1.27453
0.510999
0.510999
0
0.510999
0.369494
0
0
0
1.27453
0.192169
0.13611
1.27453
0.587653
0
0
0.94087
0.0880308
0
0
0.510999
0.360561
0
0
0.309117
0.510999
0.220887
0
0.248974
0.510999
0.510999
0
0.510999
0
0.250313
0
0.21163
0.510999
0.800641
0
0.510999
0
0
0.209714
0.510999
0.163373
0.218284
0.319722
0.501845
0
0.510999
0.088437
0
0.510999
0
0.510999
0
1.15462
0.510999
0.745928
1.27453
0.493147
0
0.26698
1.27453
1.25132
0.399575
1.27453
0
0.261717
0.0452875
0.110724
1.27453
0
0.57423
0.510999
0.379788
0.192598
0.0728189
1.27453
0.510999
0
0.0591352
0.510999
0
0.049195
0.510999
0.253615
1.27453
0.695214
0.34743
0.412473
0.388175
0
0.225998
0.510999
0
0.112213
0
0
0.0551549
0
0
0.510999
0.510999
0.510999
0
0.510999
0.510999
0.293305
0.995032
1.27453
0.974667
0
1.27453
0.510999
0
1.27453
0
0
0
0.351456
0
0.0792392
0.413896
1.27453
0.190505
0.115155
0
0.510999
0.510999
0.0977431
0.193828
0
0
0
0.627913
0.510999
0.868005
0
0.510999
0.225273
0
0
0
0.159879
0.510999
0.356988
0
0.0195235
0.0837182
0.103445
0
0.75282
0.21883
0
0.18248
0.510999
0.622926
0.510999
0.510999
0.258899
0.510999
0.299294
0
0.607071
0.255151
0.616846
0.510999
0
1.27453
0
1.27453
0.510999
1.04612
0
0.907686
0
0.510999
0.510999
0.510999
0.108662
0.234298
0
1.27454
0
0
1.27453
0.510999
0
0.510999
0
0
0
0
0.510999
0
0.510999
0.510999
0.510999
0
0.510999
0.299726
0
0.510999
0.510999
0
1.27454
1.01369
0.185325
0
0.243657
0.298587
0
0
0.135094
0.510999
0.510999
0
0
0
0.222093
0
0.24407
0.510999
0.915111
0.131005
0.418499
0
1.03221
0.510999
0.624539
0.510999
0.510999
0
0.0241671
0.622899
0
0.510999
0
0
0
0.234097
0
0.287
0.209719
0.510999
0.510999
0.510999
0
0
0
0.510999
0.510999
0.510999
0.876251
0
0.510999
0
0
0
0.510999
1.27455
0
0.510999
0.510999
0.510999
0.837053
0.510999
0.510999
0
0.26019
0
1.27453
1.27453
0.254587
0.510999
0.328292
0.307021
0.510999
0.317556
0.510999
0.510999
0.20981
0
1.27453
0.510999
0
0
0.46628
0
0
0.510999
0
0.207095
0.510999
0.116267
0.780643
0
0
0
0
0
0.261213
0.229061
0.503463
0.510999
0.0371854
0.510999
0.510999
0.195277
0.201849
0
0.510999
0
0
0
0.950536
0.180018
0.180005
0
0.0780195
0.510999
0.510999
0.124645
0
0
0.510999
0.510999
0.475914
1.78553
0
0.116931
0.510999
0.510999
0.510999
0
0
0
0.510999
0.510999
0.510999
0.876251
0
0.510999
0
0
0
0.510999
1.27455
0
0.510999
0.510999
0.510999
0.837053
0.510999
0.510999
0
0.26019
0
1.27453
1.27453
0.254587
0.510999
0.328292
0.307021
0.510999
0.317556
0.510999
0.510999
0.20981
0
1.27453
0.510999
0
0
0.46628
0.510999
0.877809
0
0
1.27453
0.13552
0
0.640175
0.0664439
0.510999
0.175159
0
0
0
0
0.510999
0.115908
0
0
0
0.510999
0
0.315501
0.930209
0.277829
0
0.194391
0
0.19374
0.303825
0.510999
1.27451
1.27453
0.510999
0.133784
0.78567
1.27453
0.97185
0.705822
0
0
1.01472
0.510999
0.379376
0
0
0.499317
1.27453
0.510999
0.188789
0.307538
0
0
0
0.737461
0.163389
1.27453
0.328567
0.510999
0
0.510999
0
0.288392
1.27453
0
0.18911
0.959514
0
0
0
0.510999
0
1.27453
0.510999
0.510999
0
0.510999
0.369494
0
0
0
1.27453
0.192169
0.13611
1.27453
0
0
0.94087
0.0880308
0
0
0.510999
0.360561
0
0
0.309117
0.510999
0.220887
0
0.248974
0.510999
0.510999
0
0.510999
0
0.250313
0
0.21163
0.510999
0.800641
0
0.510999
0
0
0.209714
0.510999
0.163373
0.218284
0.319722
0.501845
0
0.510999
0.088437
0
0.510999
0
0.510999
0
1.15462
0.510999
0
1.27453
0.510999
0.745928
1.27453
0.493147
0
0.26698
1.27453
1.25132
0.399575
1.27453
0
0.261717
0.0452875
0.110724
1.27453
0
0.57423
0.510999
0.379788
0.192598
0.0728189
1.27453
0.510999
0
0.0591352
0.510999
0
0.049195
0.510999
0.253615
1.27453
0.695214
0.34743
0.412473
0.388175
0
0.225998
0.510999
0
0
0.112213
0
0
0.0551549
0
0
0.510999
0.510999
0.510999
0
0.510999
0.510999
0.293305
0.995032
1.27453
0.974667
0
1.27453
0.510999
0
1.27453
0
0
0
0.351456
0
0.0792392
0.413896
1.27453
0.190505
0.115155
0
0.510999
0.510999
0.0977431
0.193828
0
0
0
0.627913
0.510999
0.868005
0
0.510999
0.183181
0
0
0.510999
0
0.57355
0.510999
0
0.207443
0.225273
0
0
0
0.159879
0.510999
0.356988
0
0.0195235
0.0837182
0.103445
0
0.75282
0.21883
0
0.18248
0.510999
0.622926
0.510999
0.510999
0.258899
0.510999
0.299294
0
0.607071
0.255151
0.616846
0.510999
0
1.27453
0
0.510999
1.04612
0
0.907686
0
0.510999
0.510999
0.510999
0.108662
0.234298
0
1.27454
0
0
1.27453
0.510999
0
0.510999
0
0
0
0
0.510999
0
0.510999
0.510999
0.510999
0
0.510999
0.299726
0
0.510999
0.510999
0
1.27454
1.01369
0.185325
0
0.243657
0.298587
0
0
0.135094
0.510999
0.510999
0
0
0
0.222093
0
0.24407
0.510999
0.915111
0.131005
0.418499
0
1.03221
0.510999
0.624539
0.510999
0.510999
0
0.0241671
0.622899
0
0.510999
0
0
0
0.234097
0
0.287
0.209719
0.510999
0.510999
0.510999
0
0
0
0.510999
0.510999
0.510999
0.876251
0
0.510999
0
0
0
0.510999
1.27455
0
0.510999
0.510999
0.510999
0.837053
0.510999
0.510999
0
0.26019
0
1.27453
1.27453
0.254587
0.510999
0.328292
0.307021
0.510999
0.317556
0.510999
0.510999
0.20981
0
1.27453
0.510999
0
0
0.510999
0
0.207095
0.510999
0.116267
0.780643
0
0
0
0
0
0.261213
0.229061
0.503463
0.510999
0.0371854
0.510999
0.510999
0.195277
0.201849
0
0.510999
0
0
0
0.950536
0.180018
0.180005
0
0.0780195
0.510999
0.510999
0.124645
0
0
0.510999
0.510999
0.475914
1.78553
0
0.116931
0.510999
0.510999
0
0.207095
0.510999
0.116267
0.780643
0
0
0
0
0
0.261213
0.229061
0.503463
0.510999
0.0371854
0.510999
0.510999
0.195277
0.201849
0
0.510999
0
0
0
0.950536
0.180018
0.180005
0
0.0780195
0.510999
0.510999
0.124645
0
0
0.510999
0.510999
0.475914
1.78553
0
0.116931
