0.0989296
0
0.929239
1.27453
0.510999
0.510999
0.195055
0.30308
1.27451
0.24722
0.510999
0.510999
0.268171
0.447633
0
0.712954
0.407928
0
0.252613
0.510999
0.199345
0.937466
0.244382
0.817887
0.339972
0
0
0.510999
0.0319143
0.510999
0
0.399189
0
0.0390598
1.27453
0
0
0.0104978
0.510999
0.0991477
0.173937
0.510999
0
0.510999
0.0989296
0
0.929239
1.27453
0.510999
0.510999
0.195055
0.30308
1.27451
0.24722
0.510999
0.510999
0.268171
0.447633
0
0.712954
0.407928
0
0.252613
0.510999
0.199345
0.937466
0.244382
0.817887
0.339972
0
0
0.510999
0.0319143
0.510999
0
0.399189
0
0.0390598
1.27453
0
0
0.0104978
0.510999
0.0991477
0.173937
0.510999
0
0.510999
0.723325
0.510999
0.507171
0.510999
0.216316
0.279968
0.510999
0
0.510999
0
0
0.224245
0.508254
0.239459
0
0.510999
0
0
1.27453
0.510999
0.510999
1.27453
0.0434901
0.0443087
0.378002
0.506009
0.510999
0.326116
0.124586
0.510999
0.0650607
0.510999
0.623036
0
0.935026
0.484472
0
0.510999
0.510999
0
0
1.27453
0.374323
0.723549
0.510999
0
0
0
0.250895
0.510999
0.597778
0
1.27455
0
0
0.116824
0
0.289528
0.172647
0
0.136557
0.124472
0.111709
0
0.827739
0.510999
0
0.510999
0
1.27453
0
0
0
0
0.510999
0
0.27704
1.27451
0.69034
0.510999
0.161511
0.510999
0
0
0.0337697
0
1.27453
0.462742
0.510999
0
0.969419
0.164981
0.0794399
0.18671
0
0.510999
0.510999
0.0266214
0.385361
1.27453
0
0.207921
0
0.0797164
0
0.510999
0
0
0.510999
0
0.147615
0
0.150438
0.770693
0.510999
0
0.28384
0.19597
0.329607
0
1.27453
0.374861
0
0.0850907
0
0.325931
0.510999
0
0.578147
0
0.217061
1.27453
0
0.510999
0.205385
0
1.27453
0.121652
0
0.510999
0.224623
0.411618
0.510999
0.510999
0
1.27453
0
0.510999
0
0.153177
0.326273
0.470153
0.470785
0
0.359674
0.510999
0.510999
0
0.450164
0.510999
0
0.310556
0.718856
0.332884
0
0.369922
1.27453
0
1.27453
0.56134
0.145198
0
0.510999
0.510999
0.269708
0.370143
1.27453
0.0580336
0
0.0146597
0
0.14186
0.510999
0
0.371448
0.327974
0
0
0
0
0.757984
1.27452
0
0.211788
0
0
1.27453
0.316329
0.301745
0.200156
0
0
0.447258
0.510999
0
0.0614891
0
0
0.510999
0.255774
0.622207
1.02169
0
0.510999
0.183355
1.27453
0.760436
0
0.316835
0.0688446
0.510999
0
0
0.112919
0
1.04889
0
0.909172
1.03148
0.406632
0.48351
0.510999
0
0
0.017483
0.117268
0.261278
0
0
0.510999
0
0
0.337496
0
0
0.232607
0
0
0
0.193459
0.510999
0
0.510999
0.0312558
0.206416
1.27453
0.243765
1.27453
0.478897
0.510999
0.510999
0.510999
0.510999
0.907783
0.315206
0.177502
0.510999
0.343428
0.178034
1.03058
0.016206
0.510999
0.275034
0.189812
0.185051
0.510999
1.27453
0
0.510999
0.0720333
0.174065
0
0
0.337549
0.510999
0
0
0
0
0.510999
0.33135
0.510999
0.510999
0.113242
0.510999
0.148025
0
0.163147
0.510999
0.382842
0.510999
0.247934
0.510999
0.276805
0.289148
0.303673
0.510999
1.00533
0.310017
0
1.27454
0.331328
0.510999
0
1.27453
0.198247
0.218181
0
0
0
0.510999
0
0
0
0.296188
0.369969
0.254619
0.225191
0.105829
0.463538
0
0
0.117239
0.00520417
0
1.27453
0
0.510999
0.18122
0.292117
0
0
0
0
0.510999
0
0.510999
0.406514
0
0.244235
0.510999
0
0
0.510999
0.510999
0
0
0
0.286703
0.0132043
0.0442866
0
0.204313
0
0.510999
0
0.510999
1.27452
0.688348
0.510999
1.27453
0.0486459
0.510999
0.048825
0.510999
0.510999
0
0.131719
0.723325
0.510999
0.507171
0.510999
0.216316
0.279968
0.510999
0
0.510999
0
0
0.224245
0.508254
0.239459
0
0.510999
0
0
1.27453
0.510999
0.510999
1.27453
0.0434901
0.0443087
0.378002
0.506009
0.510999
0.326116
0.124586
0.510999
0.0650607
0.510999
0.623036
0
0.935026
0.484472
0
0.510999
0.510999
0
0
1.27453
0.374323
0.723549
0.510999
0
0
0.0989296
0
0.929239
1.27453
0.510999
0.510999
0.195055
0.30308
1.27451
0.24722
0.510999
0.510999
0.268171
0.447633
0
0.712954
0.407928
0
0.252613
0.510999
0.199345
0.937466
0.244382
0.817887
0.339972
0
0
0.510999
0.0319143
0.510999
0
0.399189
0
0.0390598
1.27453
0
0
0.0104978
0.510999
0.0991477
0.173937
0.510999
0
0.510999
0.723325
0.510999
0.507171
0.510999
0.216316
0.279968
0.510999
0
0.510999
0
0
0.224245
0.508254
0.239459
0
0.510999
0
0
1.27453
0.510999
0.510999
1.27453
0.0434901
0.0443087
0.378002
0.506009
0.510999
0.326116
0.124586
0.510999
0.0650607
0.510999
0.623036
0
0.935026
0.484472
0
0.510999
0.510999
0
0
1.27453
0.374323
0.723549
0.510999
0
0
0
0.250895
0.510999
0.597778
0
1.27455
0
0
0.116824
0
0.289528
0.172647
0
0.136557
0.124472
0.111709
0
0.827739
0.510999
0
0.510999
0
1.27453
0
0
0
0
0.510999
0
0.27704
1.27451
0.69034
0.510999
0.161511
0.510999
0
0
0.0337697
0
1.27453
0.183909
0.462742
0.510999
0
0.969419
0.164981
0.0794399
0.18671
0
0.510999
0.510999
0.0266214
0.385361
1.27453
0
0.207921
0
0.0797164
0
0.510999
0
0
0.510999
0
0.147615
0
0.150438
0.770693
0.510999
0
0.28384
0.19597
0.329607
0
1.27453
0.374861
0
0.0850907
0
0.325931
0.510999
0
0.578147
0
0.217061
1.27453
0
0.510999
0.205385
0
1.27453
0.121652
0
0.510999
0.224623
0.411618
0.510999
0.510999
0
1.27453
0
0.510999
0
0.153177
0.326273
0.470153
0.470785
0
0.359674
0.510999
0.510999
0
0.450164
0.510999
0
0.310556
0.718856
0.332884
0
0.369922
1.27453
0
1.27453
0.56134
0.145198
0
0.510999
0.510999
0.269708
0.370143
1.27453
0.0580336
0
0.0146597
0
0.14186
0.510999
0
0.371448
0.327974
0
0
0
0
0.757984
1.27452
0
0.211788
0
0
1.27453
0.316329
0.595441
0.301745
0.200156
0
0
0.447258
0.510999
0
0.0614891
0
0
0.510999
0.255774
0.622207
1.02169
0
0.510999
0.183355
1.27453
0.760436
0
0.316835
0.0688446
0.510999
0
0
0.112919
0
1.04889
0
0.909172
1.03148
0.406632
0.48351
0.510999
0
0
0.017483
0.117268
0.261278
0
0
0.510999
0
0
0.337496
0
0.233229
0.37449
0.510999
0
0.232607
0
0
0
0.193459
0.510999
0
0.510999
0.0312558
0.206416
1.27453
0.243765
1.27453
0.478897
0.510999
0.510999
0.510999
0.510999
0.907783
0.315206
0.177502
0.510999
0.343428
0.178034
1.03058
0.016206
0.510999
0.275034
0.189812
0.185051
0.510999
1.27453
0
0.510999
0.0720333
0.510999
0.174065
0
0
0.337549
0.510999
0
0
0
0
0.510999
0.33135
0.510999
0.510999
0.113242
0.510999
0.148025
0
0.163147
0.510999
0.382842
0.510999
0.247934
0.510999
0.276805
0.289148
0.303673
0.510999
1.00533
0.310017
0
1.27454
0.331328
0.510999
0
1.27453
0.198247
0.218181
0
0
0
0.510999
0
0
0
0.296188
0.369969
0.254619
0.225191
0.105829
0.463538
0
0
0.510999
0.117239
0.00520417
0
1.27453
0
0.510999
0.18122
0.292117
0
0
0
0
0.510999
0
0.510999
0.406514
0
0.244235
0.510999
0
0
0.510999
0.510999
0
0
0
0.286703
0.0132043
0.0442866
0
0.204313
0
0.510999
0
0.510999
1.27452
0.688348
0.510999
1.27453
0.0486459
0.510999
0.048825
0.510999
0.510999
0
0.131719
0.250895
0.510999
0.597778
0
1.27455
0
0
0.116824
0
0.289528
0.172647
0
0.136557
0.124472
0.111709
0
0.827739
0.510999
0
0.510999
0
1.27453
0
0
0
0
0.510999
0
0.27704
1.27451
0.69034
0.510999
0.161511
0.510999
0
0
0.0337697
0
1.27453
0.0989296
0
0.929239
1.27453
0.510999
0.510999
0.195055
0.30308
1.27451
0.24722
0.510999
0.510999
0.268171
0.447633
0
0.712954
0.407928
0
0.252613
0.510999
0.199345
0.937466
0.244382
0.817887
0.339972
0
0
0.510999
0.0319143
0.510999
0
0.399189
0
0.0390598
1.27453
0
0
0.0104978
0.510999
0.0991477
0.173937
0.510999
0
0.510999
0.723325
0.510999
0.507171
0.510999
0.216316
0.279968
0.510999
0
0.510999
0
0
0.224245
0.508254
0.239459
0
0.510999
0
0
1.27453
0.510999
0.510999
1.27453
0.0434901
0.0443087
0.378002
0.506009
0.510999
0.326116
0.124586
0.510999
0.0650607
0.510999
0.623036
0
0.935026
0.484472
0
0.510999
0.510999
0
0
1.27453
0.374323
0.723549
0.510999
0
0.250895
0.510999
0.597778
0
1.27455
0
0
0.116824
0
0.289528
0.172647
0
0.136557
0.124472
0.111709
0
0.827739
0.510999
0
0.510999
0
1.27453
0
0
0
0
0.510999
0
0.27704
1.27451
0.69034
0.510999
0.161511
0.510999
0
0
0.0337697
0
1.27453
0.183909
0.462742
0.510999
0
0.969419
0.164981
0.0794399
0.18671
0
0.510999
0.510999
0.0266214
0.385361
1.27453
0
0.207921
0
0.0797164
0
0.510999
0
0
0.510999
0
0.147615
0
0.150438
0.770693
0.510999
0
0.28384
0.19597
0.329607
0
1.27453
0.374861
0
0.0850907
0
0.325931
0.510999
0
0.578147
0
0.217061
1.27453
0
0.510999
0.205385
0
1.27453
0.121652
0
0.510999
0.224623
0.411618
0.510999
0.510999
0
1.27453
0
0.510999
0
0.153177
0.470785
0
0.359674
0.510999
0.510999
0
0.450164
0.510999
0
0.310556
0.718856
0.332884
0
0.369922
1.27453
0
1.27453
0.56134
0.145198
0
0.510999
0.510999
0.269708
0.370143
1.27453
0.0580336
0
0.0146597
0
0.14186
0.510999
0
0.371448
0.327974
0
0
0
0
0.757984
1.27452
0
0.211788
0
0
1.27453
0.316329
0.301745
0.200156
0
0
0.447258
0.510999
0
0.0614891
0
0
0.510999
0.255774
0.622207
1.02169
0
0.510999
0.183355
1.27453
0.760436
0
0.316835
0.0688446
0.510999
0
0
0.112919
0
1.04889
0
0.909172
1.03148
0.406632
0.48351
0.510999
0
0
0.017483
0.117268
0.261278
0
0
0.510999
0
0
0.337496
0
0
0.232607
0
0
0
0.193459
0.510999
0
0.510999
0.0312558
0.206416
1.27453
0.243765
1.27453
0.478897
0.510999
0.510999
0.510999
0.510999
0.907783
0.315206
0.177502
0.510999
0.343428
0.178034
1.03058
0.016206
0.510999
0.275034
0.189812
0.185051
0.510999
1.27453
0
0.510999
0.0720333
0.174065
0
0
0.337549
0.510999
0
0
0
0
0.510999
0.33135
0.510999
0.510999
0.113242
0.510999
0.148025
0
0.163147
0.510999
0.382842
0.510999
0.247934
0.510999
0.276805
0.289148
0.303673
0.510999
1.00533
0.310017
0
1.27454
0.331328
0.510999
0
1.27453
0.198247
0.218181
0
0
0
0.510999
0
0
0
0.296188
0.369969
0.254619
0.225191
0.105829
0.463538
0
0.117239
0.00520417
0
1.27453
0
0.510999
0.18122
0.292117
0
0
0
0
0.510999
0
0.510999
0.406514
0
0.244235
0.510999
0
0
0.510999
0.510999
0
0
0
0.286703
0.0132043
0.0442866
0
0.204313
0
0.510999
0
0.510999
1.27452
0.688348
0.510999
1.27453
0.0486459
0.510999
0.048825
0.510999
0.510999
0
0.131719
0.462742
0.510999
0
0.969419
0.164981
0.0794399
0.18671
0
0.510999
0.510999
0.0266214
0.385361
1.27453
0
0.207921
0
0.0797164
0
0.510999
0
0
0.510999
0
0.147615
0
0.175844
0.510999
0.0989296
0
0.929239
1.27453
0.510999
0.510999
0.195055
0.30308
1.27451
0.24722
0.510999
0.510999
0.268171
0.447633
0
0.712954
0.407928
0
0.252613
0.510999
0.199345
0.937466
0.244382
0.817887
0.339972
0
0
0.510999
0.0319143
0.510999
0
0.399189
0
0.0390598
1.27453
0
0
0.0104978
0.510999
0.0991477
0.173937
0.510999
0
0.510999
0.723325
0.510999
0.507171
0.510999
0.216316
0.279968
0.510999
0
0.510999
0
0
0.224245
0.508254
0.239459
0
0.510999
0
0
1.27453
0.510999
0.510999
1.27453
0.0434901
0.0443087
0.378002
0.506009
0.510999
0.326116
0.124586
0.510999
0.0650607
0.510999
0.623036
0
0.935026
0.484472
0
0.510999
0.510999
0
0
1.27453
0.374323
0.723549
0.510999
0
0
0
0.250895
0.510999
0.597778
0
1.27455
0
0
0.116824
0
0.289528
0.172647
0
0.136557
0.124472
0.111709
0
0.827739
0.510999
0
0.510999
0
1.27453
0
0
0
0
0.510999
0
0.27704
1.27451
0.69034
0.510999
0.161511
0.510999
0
0
0.0337697
0
1.27453
0.462742
0.510999
0
0.969419
0.164981
0.0794399
0.18671
0
0.510999
0.510999
0.0266214
0.385361
1.27453
0
0.207921
0
0.0797164
0
0.510999
0
0
0.510999
0
0.147615
0
0.175844
0.510999
1.27451
0.150438
0.770693
0.510999
0
0.28384
0.19597
0.329607
0
1.27453
0.374861
0
0.0850907
0
0.325931
0.510999
0
0.578147
0
0.217061
1.27453
0
0.510999
0.205385
0
1.27453
0.121652
0
0.510999
0.224623
0.411618
0.510999
0.510999
0
1.27453
0
0.510999
0
0.470785
0
0.359674
0.510999
0.510999
0
0.450164
0.510999
0
0.310556
0.718856
0.332884
0
0.369922
1.27453
0
1.27453
0.56134
0.145198
0
0.510999
0.510999
0.269708
0.370143
1.27453
0.0580336
0
0.0146597
0
0.14186
0.510999
0
0.371448
0.327974
0
0
0
0
0.757984
1.27452
0
0.211788
0
0
1.27453
0.316329
0.595441
0.301745
0.200156
0
0
0.447258
0.510999
0
0.0614891
0
0
0.510999
0.255774
0.622207
1.02169
0
0.510999
0.183355
1.27453
0.760436
0
0.316835
0.0688446
0.510999
0
0
0.112919
0
1.04889
0
0.909172
1.03148
0.406632
0.48351
0.510999
0
0
0.017483
0.117268
0.261278
0
0
0.510999
0
0
0.337496
0
0
0.232607
0
0
0
0.193459
0.510999
0
0.510999
0.0312558
0.206416
1.27453
0.243765
1.27453
0.478897
0.510999
0.510999
0.510999
0.510999
0.907783
0.315206
0.177502
0.510999
0.343428
0.178034
1.03058
0.016206
0.510999
0.275034
0.189812
0.185051
0.510999
1.27453
0
0.510999
0.0720333
0.510999
0.174065
0
0
0.337549
0.510999
0
0
0
0
0.510999
0.33135
0.510999
0.510999
0.113242
0.510999
0.148025
0
0.163147
0.510999
0.382842
0.510999
0.247934
0.510999
0.276805
0.289148
0.303673
0.510999
1.00533
0.310017
0
1.27454
0.331328
0.510999
0
1.27453
0.198247
0.218181
0
0
0
0.510999
0
0
0
0.296188
0.369969
0.254619
0.225191
0.105829
0.463538
0
0.117239
0.00520417
0
1.27453
0
0.510999
0.18122
0.292117
0
0
0
0
0.510999
0
0.510999
0.406514
0
0.244235
0.510999
0
0
0.510999
0.510999
0
0
0
0.286703
0.0132043
0.0442866
0
0.204313
0
0.510999
0
0.510999
1.27452
0.688348
0.510999
1.27453
0.0486459
0.510999
0.048825
0.510999
0.510999
0
0.150438
0.770693
0.510999
0
0.28384
0.19597
0.329607
0
1.27453
0.374861
0
0.0850907
0
0.325931
0.510999
0
0.578147
0
0.217061
1.27453
0
0.510999
0.205385
0
1.27453
0.121652
0
0.510999
0.224623
0.411618
0.510999
0.510999
0
1.27453
0
0.510999
0
0.153177
0.0989296
0
0.929239
1.27453
0.510999
0.510999
0.195055
0.30308
1.27451
0.24722
0.510999
0.510999
0.268171
0.447633
0
0.712954
0.407928
0
0.252613
0.510999
0.199345
0.937466
0.244382
0.817887
0.339972
0
0
0.510999
0.0319143
0.510999
0
0.399189
0
0.0390598
1.27453
0
0
0.0104978
0.510999
0.0991477
0.173937
0.510999
0
0.510999
0.723325
0.510999
0.507171
0.510999
0.216316
0.279968
0.510999
0
0.510999
0
0
0.224245
0.508254
0.239459
0
0.510999
0
0
1.27453
0.510999
0.510999
1.27453
0.0434901
0.0443087
0.378002
0.506009
0.510999
0.326116
0.124586
0.510999
0.0650607
0.510999
0.623036
0
0.935026
0.484472
0
0.510999
0.510999
0
0
1.27453
0.374323
0.723549
0.510999
0
0
0
0.250895
0.510999
0.597778
0
1.27455
0
0
0.116824
0
0.289528
0.172647
0
0.136557
0.124472
0.111709
0
0.827739
0.510999
0
0.510999
0
1.27453
0
0
0
0
0.510999
0
0.27704
1.27451
0.69034
0.510999
0.161511
0.510999
0
0
0.0337697
0
1.27453
0.462742
0.510999
0
0.969419
0.164981
0.0794399
0.18671
0
0.510999
0.510999
0.0266214
0.385361
1.27453
0
0.207921
0
0.0797164
0
0.510999
0
0
0.510999
0
0.147615
0
0.150438
0.770693
0.510999
0
0.28384
0.19597
0.329607
0
1.27453
0.374861
0
0.0850907
0
0.325931
0.510999
0
0.578147
0
0.217061
1.27453
0
0.510999
0.205385
0
1.27453
0.121652
0
0.510999
0.224623
0.411618
0.510999
0.510999
0
1.27453
0
0.510999
0
0.470785
0
0.359674
0.510999
0.510999
0
0.450164
0.510999
0
0.310556
0.718856
0.332884
0
0.369922
1.27453
0
1.27453
0.56134
0.145198
0
0.510999
0.510999
0.269708
0.370143
1.27453
0.0580336
0
0.0146597
0
0.14186
0.510999
0
0.371448
0.327974
0
0
0
0
0.757984
1.27452
0
0.211788
0
0
1.27453
0.316329
0.301745
0.200156
0
0
0.447258
0.510999
0
0.0614891
0
0
0.510999
0.255774
0.622207
1.02169
0
0.510999
0.183355
1.27453
0.760436
0
0.316835
0.0688446
0.510999
0
0
0.112919
0
1.04889
0
0.909172
1.03148
0.406632
0.48351
0.510999
0
0
0.017483
0.117268
0.261278
0
0
0.510999
0
0
0.337496
0
0.233229
0
0.232607
0
0
0
0.193459
0.510999
0
0.510999
0.0312558
0.206416
1.27453
0.243765
1.27453
0.478897
0.510999
0.510999
0.510999
0.510999
0.907783
0.315206
0.177502
0.510999
0.343428
0.178034
1.03058
0.016206
0.510999
0.275034
0.189812
0.185051
0.510999
1.27453
0
0.510999
0.0720333
0.174065
0
0
0.337549
0.510999
0
0
0
0
0.510999
0.33135
0.510999
0.510999
0.113242
0.510999
0.148025
0
0.163147
0.510999
0.382842
0.510999
0.247934
0.510999
0.276805
0.289148
0.303673
0.510999
1.00533
0.310017
0
1.27454
0.331328
0.510999
0
1.27453
0.198247
0.218181
0
0
0
0.510999
0
0
0
0.296188
0.369969
0.254619
0.225191
0.105829
0.463538
0
0.117239
0.00520417
0
1.27453
0
0.510999
0.18122
0.292117
0
0
0
0
0.510999
0
0.510999
0.406514
0
0.244235
0.510999
0
0
0.510999
0.510999
0
0
0
0.286703
0.0132043
0.0442866
0
0.204313
0
0.510999
0
0.510999
1.27452
0.688348
0.510999
1.27453
0.0486459
0.510999
0.048825
0.510999
0.510999
0
0.131719
0.470785
0
0.359674
0.510999
0.510999
0
0.450164
0.510999
0
0.310556
0.718856
0.332884
0
0.369922
1.27453
0
1.27453
0.56134
0.145198
0
0.510999
0.510999
0.269708
0.370143
1.27453
0.0580336
0
0.0146597
0
0.14186
0.510999
0
0.371448
0.327974
0
0
0
0
0.757984
1.27452
0
0.211788
0
0
1.27453
0.316329
0.0989296
0
0.929239
1.27453
0.510999
0.510999
0.195055
0.30308
1.27451
0.24722
0.510999
0.510999
0.268171
0.447633
0
0.712954
0.407928
0
0.252613
0.510999
0.199345
0.937466
0.244382
0.817887
0.339972
0
0
0.510999
0.0319143
0.510999
0
0.399189
0
0.0390598
1.27453
0
0
0.0104978
0.510999
0.0991477
0.173937
0.510999
0
0.510999
0.723325
0.510999
0.507171
0.510999
0.216316
0.279968
0.510999
0
0.510999
0
0
0.224245
0.508254
0.239459
0
0.510999
0
0
1.27453
0.510999
0.510999
1.27453
0.0434901
0.0443087
0.378002
0.506009
0.510999
0.326116
0.124586
0.510999
0.0650607
0.510999
0.623036
0
0.935026
0.484472
0
0.510999
0.510999
0
0
1.27453
0.374323
0.723549
0.510999
0
0
0
0.250895
0.510999
0.597778
0
1.27455
0
0
0.116824
0
0.289528
0.172647
0
0.136557
0.124472
0.111709
0
0.827739
0.510999
0
0.510999
0
1.27453
0
0
0
0
0.510999
0
0.27704
1.27451
0.69034
0.510999
0.161511
0.510999
0
0
0.0337697
0
1.27453
0.183909
0.462742
0.510999
0
0.969419
0.164981
0.0794399
0.18671
0
0.510999
0.510999
0.0266214
0.385361
1.27453
0
0.207921
0
0.0797164
0
0.510999
0
0
0.510999
0
0.147615
0
0.175844
0.510999
1.27451
0.150438
0.770693
0.510999
0
0.28384
0.19597
0.329607
0
1.27453
0.374861
0
0.0850907
0
0.325931
0.510999
0
0.578147
0
0.217061
1.27453
0
0.510999
0.205385
0
1.27453
0.121652
0
0.510999
0.224623
0.411618
0.510999
0.510999
0
1.27453
0
0.510999
0
0.153177
0.470785
0
0.359674
0.510999
0.510999
0
0.450164
0.510999
0
0.310556
0.718856
0.332884
0
0.369922
1.27453
0
1.27453
0.56134
0.145198
0
0.510999
0.510999
0.269708
0.370143
1.27453
0.0580336
0
0.0146597
0
0.14186
0.510999
0
0.371448
0.327974
0
0
0
0
0.757984
1.27452
0
0.211788
0
0
1.27453
0.316329
0.301745
0.200156
0
0
0.447258
0.510999
0
0.0614891
0
0
0.510999
0.255774
0.622207
1.02169
0
0.510999
0.183355
1.27453
0.760436
0
0.316835
0.0688446
0.510999
0
0
0.112919
0
1.04889
0
0.909172
1.03148
0.406632
0.48351
0.510999
0
0
0.017483
0.117268
0.261278
0
0
0.510999
0
0
0.337496
0
0.233229
0
0.232607
0
0
0
0.193459
0.510999
0
0.510999
0.0312558
0.206416
1.27453
0.243765
1.27453
0.478897
0.510999
0.510999
0.510999
0.510999
0.907783
0.315206
0.177502
0.510999
0.343428
0.178034
1.03058
0.016206
0.510999
0.275034
0.189812
0.185051
0.510999
1.27453
0
0.510999
0.0720333
0.174065
0
0
0.337549
0.510999
0
0
0
0
0.510999
0.33135
0.510999
0.510999
0.113242
0.510999
0.148025
0
0.163147
0.510999
0.382842
0.510999
0.247934
0.510999
0.276805
0.289148
0.303673
0.510999
1.00533
0.310017
0
1.27454
0.331328
0.510999
0
1.27453
0.198247
0.218181
0
0
0
0.510999
0
0
0
0.296188
0.369969
0.254619
0.225191
0.105829
0.463538
0
0
0.117239
0.00520417
0
1.27453
0
0.510999
0.18122
0.292117
0
0
0
0
0.510999
0
0.510999
0.406514
0
0.244235
0.510999
0
0
0.510999
0.510999
0
0
0
0.286703
0.0132043
0.0442866
0
0.204313
0
0.510999
0
0.510999
1.27452
0.688348
0.510999
1.27453
0.0486459
0.510999
0.048825
0.510999
0.510999
0.301745
0.200156
0
0
0.447258
0.510999
0
0.0614891
0
0
0.510999
0.255774
0.622207
1.02169
0
0.510999
0.183355
1.27453
0.760436
0
0.316835
0.0688446
0.510999
0
0
0.112919
0
1.04889
0
0.909172
1.03148
0.406632
0.48351
0.510999
0
0
0.017483
0.117268
0.261278
0
0
0.510999
0
0
0.337496
0
0.0989296
0
0.929239
1.27453
0.510999
0.510999
0.195055
0.30308
1.27451
0.24722
0.510999
0.510999
0.268171
0.447633
0
0.712954
0.407928
0
0.252613
0.510999
0.199345
0.937466
0.244382
0.817887
0.339972
0
0
0.510999
0.0319143
0.510999
0
0.399189
0
0.0390598
1.27453
0
0
0.0104978
0.510999
0.0991477
0.173937
0.510999
0
0.723325
0.510999
0.507171
0.510999
0.216316
0.279968
0.510999
0
0.510999
0
0
0.224245
0.508254
0.239459
0
0.510999
0
0
1.27453
0.510999
0.510999
1.27453
0.0434901
0.0443087
0.378002
0.506009
0.510999
0.326116
0.124586
0.510999
0.0650607
0.510999
0.623036
0
0.935026
0.484472
0
0.510999
0.510999
0
0
1.27453
0.374323
0.723549
0.510999
0
0
0
0.250895
0.510999
0.597778
0
1.27455
0
0
0.116824
0
0.289528
0.172647
0
0.136557
0.124472
0.111709
0
0.827739
0.510999
0
0.510999
0
1.27453
0
0
0
0
0.510999
0
0.27704
1.27451
0.69034
0.510999
0.161511
0.510999
0
0
0.462742
0.510999
0
0.969419
0.164981
0.0794399
0.18671
0
0.510999
0.510999
0.0266214
0.385361
1.27453
0
0.207921
0
0.0797164
0
0.510999
0
0
0.510999
0
0.147615
0
0.175844
0.510999
0.150438
0.770693
0.510999
0
0.28384
0.19597
0.329607
0
1.27453
0.374861
0
0.0850907
0
0.325931
0.510999
0
0.578147
0
0.217061
1.27453
0
0.510999
0.205385
0
1.27453
0.121652
0
0.510999
0.224623
0.411618
0.510999
0.510999
0
1.27453
0
0.510999
0
0.470785
0
0.359674
0.510999
0.510999
0
0.450164
0.510999
0
0.310556
0.718856
0.332884
0
0.369922
1.27453
0
1.27453
0.56134
0.145198
0
0.510999
0.510999
0.269708
0.370143
1.27453
0.0580336
0
0.0146597
0
0.14186
0.510999
0
0.371448
0.327974
0
0
0
0
0.757984
1.27452
0
0.211788
0
0
1.27453
0.316329
0.301745
0.200156
0
0
0.447258
0.510999
0
0.0614891
0
0
0.510999
0.255774
0.622207
1.02169
0
0.510999
0.183355
1.27453
0.760436
0
0.316835
0.0688446
0.510999
0
0
0.112919
0
1.04889
0
0.909172
1.03148
0.406632
0.48351
0.510999
0
0
0.017483
0.117268
0.261278
0
0
0.510999
0
0
0.337496
0
0
0.232607
0
0
0
0.193459
0.510999
0
0.510999
0.0312558
0.206416
1.27453
0.243765
1.27453
0.478897
0.510999
0.510999
0.510999
0.510999
0.907783
0.315206
0.177502
0.510999
0.343428
0.178034
1.03058
0.016206
0.510999
0.275034
0.189812
0.185051
0.510999
1.27453
0
0.510999
0.0720333
0.174065
0
0
0.337549
0.510999
0
0
0
0
0.510999
0.33135
0.510999
0.510999
0.113242
0.510999
0.148025
0
0.163147
0.510999
0.382842
0.510999
0.247934
0.510999
0.276805
0.289148
0.303673
0.510999
1.00533
0.310017
0
1.27454
0.331328
0.510999
0
1.27453
0.198247
0.218181
0
0
0
0.510999
0
0
0
0.296188
0.369969
0.254619
0.225191
0.105829
0.463538
0
0
0.510999
0.117239
0.00520417
0
1.27453
0
0.510999
0.18122
0.292117
0
0
0
0
0.510999
0
0.510999
0.406514
0
0.244235
0.510999
0
0
0.510999
0.510999
0
0
0
0.286703
0.0132043
0.0442866
0
0.204313
0
0.510999
0
0.510999
1.27452
0.688348
0.510999
1.27453
0.0486459
0.510999
0.048825
0.510999
0.510999
0
0
0.232607
0
0
0
0.193459
0.510999
0
0.510999
0.0312558
0.206416
1.27453
0.243765
1.27453
0.478897
0.510999
0.510999
0.510999
0.510999
0.907783
0.315206
0.177502
0.510999
0.343428
0.178034
1.03058
0.016206
0.510999
0.275034
0.189812
0.185051
0.510999
1.27453
0
0.510999
0.0720333
0.0989296
0
0.929239
1.27453
0.510999
0.510999
0.195055
0.30308
1.27451
0.24722
0.510999
0.510999
0.268171
0.447633
0
0.712954
0.407928
0
0.252613
0.510999
0.199345
0.937466
0.244382
0.817887
0.339972
0
0
0.510999
0.0319143
0.510999
0
0.399189
0
0.0390598
1.27453
0
0
0.0104978
0.510999
0.0991477
0.173937
0.510999
0
0.510999
0.723325
0.510999
0.507171
0.510999
0.216316
0.279968
0.510999
0
0.510999
0
0
0.224245
0.508254
0.239459
0
0.510999
0
0
1.27453
0.510999
0.510999
1.27453
0.0434901
0.0443087
0.378002
0.506009
0.510999
0.326116
0.124586
0.510999
0.0650607
0.510999
0.623036
0
0.935026
0.484472
0
0.510999
0.510999
0
0
1.27453
0.374323
0.723549
0.510999
0
0
0
0.250895
0.510999
0.597778
0
1.27455
0
0
0.116824
0
0.289528
0.172647
0
0.136557
0.124472
0.111709
0
0.827739
0.510999
0
0.510999
0
1.27453
0
0
0
0
0.510999
0
0.27704
1.27451
0.69034
0.510999
0.161511
0.510999
0
0
0.0337697
0
0.462742
0.510999
0
0.969419
0.164981
0.0794399
0.18671
0
0.510999
0.510999
0.0266214
0.385361
1.27453
0
0.207921
0
0.0797164
0
0.510999
0
0
0.510999
0
0.147615
0
0.175844
0.510999
0.150438
0.770693
0.510999
0
0.28384
0.19597
0.329607
0
1.27453
0.374861
0
0.0850907
0
0.325931
0.510999
0
0.578147
0
0.217061
1.27453
0
0.510999
0.205385
0
1.27453
0.121652
0
0.510999
0.224623
0.411618
0.510999
0.510999
0
1.27453
0
0.510999
0
0.470785
0
0.359674
0.510999
0.510999
0
0.450164
0.510999
0
0.310556
0.718856
0.332884
0
0.369922
1.27453
0
1.27453
0.56134
0.145198
0
0.510999
0.510999
0.269708
0.370143
1.27453
0.0580336
0
0.0146597
0
0.14186
0.510999
0
0.371448
0.327974
0
0
0
0
0.757984
1.27452
0
0.211788
0
0
1.27453
0.316329
0.301745
0.200156
0
0
0.447258
0.510999
0
0.0614891
0
0
0.510999
0.255774
0.622207
1.02169
0
0.510999
0.183355
1.27453
0.760436
0
0.316835
0.0688446
0.510999
0
0
0.112919
0
1.04889
0
0.909172
1.03148
0.406632
0.48351
0.510999
0
0
0.017483
0.117268
0.261278
0
0
0.510999
0
0
0.337496
0
0
0.232607
0
0
0
0.193459
0.510999
0
0.510999
0.0312558
0.206416
1.27453
0.243765
1.27453
0.478897
0.510999
0.510999
0.510999
0.510999
0.907783
0.315206
0.177502
0.510999
0.343428
0.178034
1.03058
0.016206
0.510999
0.275034
0.189812
0.185051
0.510999
1.27453
0
0.510999
0.0720333
0.174065
0
0
0.337549
0.510999
0
0
0
0
0.510999
0.33135
0.510999
0.510999
0.113242
0.510999
0.148025
0
0.163147
0.510999
0.382842
0.510999
0.247934
0.510999
0.276805
0.289148
0.303673
0.510999
1.00533
0.310017
0
1.27454
0.331328
0.510999
0
1.27453
0.198247
0.218181
0
0
0
0.510999
0
0
0
0.296188
0.369969
0.254619
0.225191
0.105829
0.463538
0
0.117239
0.00520417
0
1.27453
0
0.510999
0.18122
0.292117
0
0
0
0
0.510999
0
0.510999
0.406514
0
0.244235
0.510999
0
0
0.510999
0.510999
0
0
0
0.286703
0.0132043
0.0442866
0
0.204313
0
0.510999
0
0.510999
1.27452
0.688348
0.510999
1.27453
0.0486459
0.510999
0.048825
0.510999
0.510999
0
0.131719
0.174065
0
0
0.337549
0.510999
0
0
0
0
0.510999
0.33135
0.510999
0.510999
0.113242
0.510999
0.148025
0
0.163147
0.510999
0.382842
0.510999
0.247934
0.510999
0.276805
0.289148
0.303673
0.510999
1.00533
0.310017
0
1.27454
0.331328
0.510999
0
1.27453
0.198247
0.218181
0
0
0
0.510999
0
0
0
0.296188
0.369969
0.254619
0.225191
0.105829
0.463538
0
0.0989296
0
0.929239
1.27453
0.510999
0.510999
0.195055
0.30308
1.27451
0.24722
0.510999
0.510999
0.268171
0.447633
0
0.712954
0.407928
0
0.252613
0.510999
0.199345
0.937466
0.244382
0.817887
0.339972
0
0
0.510999
0.0319143
0.510999
0
0.399189
0
0.0390598
1.27453
0
0
0.0104978
0.510999
0.0991477
0.173937
0.510999
0
0.510999
0.510999
0
0.723325
0.510999
0.507171
0.510999
0.216316
0.279968
0.510999
0
0.510999
0
0
0.224245
0.508254
0.239459
0
0.510999
0
0
1.27453
0.510999
0.510999
1.27453
0.0434901
0.0443087
0.378002
0.506009
0.510999
0.326116
0.124586
0.510999
0.0650607
0.510999
0.623036
0
0.935026
0.484472
0
0.510999
0.510999
0
0
1.27453
0.374323
0.723549
0.510999
0
0.250895
0.510999
0.597778
0
1.27455
0
0
0.116824
0
0.289528
0.172647
0
0.136557
0.124472
0.111709
0
0.827739
0.510999
0
0.510999
0
1.27453
0
0
0
0
0.510999
0
0.27704
1.27451
0.69034
0.510999
0.161511
0.510999
0
0
0.0337697
0
1.27453
0.183909
0.419317
0.462742
0.510999
0
0.969419
0.164981
0.0794399
0.18671
0
0.510999
0.510999
0.0266214
0.385361
1.27453
0
0.207921
0
0.0797164
0
0.510999
0
0
0.510999
0
0.147615
0
0.175844
0.510999
1.27451
0
0.510999
0.358329
0
0.150438
0.770693
0.510999
0
0.28384
0.19597
0.329607
0
1.27453
0.374861
0
0.0850907
0
0.325931
0.510999
0
0.578147
0
0.217061
1.27453
0
0.510999
0.205385
0
1.27453
0.121652
0
0.510999
0.224623
0.411618
0.510999
0.510999
0
1.27453
0
0.510999
0
0.153177
0.470785
0
0.359674
0.510999
0.510999
0
0.450164
0.510999
0
0.310556
0.718856
0.332884
0
0.369922
1.27453
0
1.27453
0.56134
0.145198
0
0.510999
0.510999
0.269708
0.370143
1.27453
0.0580336
0
0.0146597
0
0.14186
0.510999
0
0.371448
0.327974
0
0
0
0
0.757984
1.27452
0
0.211788
0
0
1.27453
0.316329
0.301745
0.200156
0
0
0.447258
0.510999
0
0.0614891
0
0
0.510999
0.255774
0.622207
1.02169
0
0.510999
0.183355
1.27453
0.760436
0
0.316835
0.0688446
0.510999
0
0
0.112919
0
1.04889
0
0.909172
1.03148
0.406632
0.48351
0.510999
0
0
0.017483
0.117268
0.261278
0
0
0.510999
0
0
0.337496
0
0
0.232607
0
0
0
0.193459
0.510999
0
0.510999
0.0312558
0.206416
1.27453
0.243765
1.27453
0.478897
0.510999
0.510999
0.510999
0.510999
0.907783
0.315206
0.177502
0.510999
0.343428
0.178034
1.03058
0.016206
0.510999
0.275034
0.189812
0.185051
0.510999
1.27453
0
0.510999
0.0720333
0.174065
0
0
0.337549
0.510999
0
0
0
0
0.510999
0.33135
0.510999
0.510999
0.113242
0.510999
0.148025
0
0.163147
0.510999
0.382842
0.510999
0.247934
0.510999
0.276805
0.289148
0.303673
0.510999
1.00533
0.310017
0
1.27454
0.331328
0.510999
0
1.27453
0.198247
0.218181
0
0
0
0.510999
0
0
0
0.296188
0.369969
0.254619
0.225191
0.105829
0.463538
0.117239
0.00520417
0
1.27453
0
0.510999
0.18122
0.292117
0
0
0
0
0.510999
0
0.510999
0.406514
0
0.244235
0.510999
0
0
0.510999
0.510999
0
0
0
0.286703
0.0132043
0.0442866
0
0.204313
0
0.510999
0
0.510999
1.27452
0.688348
0.510999
1.27453
0.0486459
0.510999
0.048825
0.510999
0.510999
0
0.131719
0.117239
0.00520417
0
1.27453
0
0.510999
0.18122
0.292117
0
0
0
0
0.510999
0
0.510999
0.406514
0
0.244235
0.510999
0
0
0.510999
0.510999
0
0
0
0.286703
0.0132043
0.0442866
0
0.204313
0
0.510999
0
0.510999
1.27452
0.688348
0.510999
1.27453
0.0486459
0.510999
0.048825
0.510999
0.510999
0
