0.229133
0.49899
0.184546
1.27455
0
0.510999
0.39054
0.510999
0
0.217753
0.255997
0.569137
0.510999
0
0
0.510999
0.362922
0
0.510999
0.510999
0.122158
0
0.510999
0.510999
0
0
0
0
0.248101
0
0.510999
0.149508
0.430608
1.27453
0.304288
0.0152587
0.510999
0
0
0
0.229133
0.49899
0.184546
1.27455
0
0.510999
0.39054
0.510999
0
0.217753
0.255997
0.569137
0.510999
0
0
0.510999
0.362922
0
0.510999
0.510999
0.122158
0
0.510999
0.510999
0
0
0
0
0.248101
0
0.510999
0.149508
0.430608
1.27453
0.304288
0.0152587
0.510999
0
0
0
0
0
0
1.27453
0.510999
0.186506
0.179178
0.510999
0.440449
0.25759
0.126612
0.185426
0.260344
0
0.269344
0
0
1.27455
0.361843
0
0
1.27453
0
0.510999
0
0
1.27453
0
0
0
0.875629
0.510999
0.187733
0.747951
0
0
0
0.196761
0
0.714297
0.317775
0
0
0
0.157264
0
0.510999
0
0
1.40548
1.27453
0.243006
0.510999
0
0.244915
0.510999
0.31681
0
0.454637
0
0
0.510999
1.05758
0
0.510999
0.520866
0.18294
0
0
0
0
0.510999
0.647729
0
0.510999
0.261732
0.510999
0.510999
0.192314
0.510999
0
0.510999
0
0.685355
0.0904339
0.209283
1.03474
0
0
0.886663
0.0880659
0.510999
0
0.874311
0.00845126
0
0
0.306979
0.881203
0.296224
0.23763
0.510999
0.164165
0
0.510999
0.193778
0.608824
0.510999
1.27453
0.320834
0
0
0.364019
0.510999
1.11446
0.032058
0.510999
0
0.109266
0
0.510999
1.27453
0.510999
0.510999
0.260465
0.510999
0.407205
0
1.27453
0.510999
0.216209
0
1.27453
0.445991
0
0.218739
0
0.510999
0
0
0.510999
0.510999
0.124006
1.27454
0
0
0
0.515923
0
0.192103
0
1.27453
0.510999
0
0
0.198066
0.510999
0
0.510999
0.510999
0.438137
0.040068
0.298966
0.510999
0.263446
0
0
0.273632
0
0
0
0
0.211178
0.413422
1.27453
0.29303
0.643994
0
0.91345
0.162782
1.03668
0
0.510999
0.562183
0
0.510999
0.0642244
0.282699
0
0.510999
1.27453
0
0.510999
0
0.331386
0.125803
0.510999
0
0.0626983
0.165022
0.510999
0.510999
0
0
0.033366
0.262906
0
0
0
0.510999
0
0
0
0
1.27453
0.510999
0
0
0
0
0
0
0
0
0.510999
0.227567
0.510999
0
0.197552
0
0.665644
0.918033
0
0.246974
0
0
1.27453
0.470615
1.27453
0
0.510999
0.101108
0
0.24711
0.510999
0
0.207271
0.197587
0.229918
0.510999
0.0729855
0
0
0
0
0.392226
0.0450166
0.510999
0.510999
0
1.27452
0
0.510999
0.188774
0.510999
0
0
0.320479
0.213923
0.510999
0.510999
0.184186
0.145327
0.510999
1.27453
0.510999
0
0.463276
0.153295
0
0
0.0310221
0.510999
0.510999
0.510999
0
0.177738
1.27453
0.122319
0
0
0.510999
0.00389336
0.376755
0
0.17922
0
0
0.117375
0.246512
0.510999
0
0.175215
0.275928
0.510999
0.630503
0.510999
0.510999
0.616818
0.194975
0
0.510999
0
1.10786
0.510999
0
0.27302
0.145549
0.510999
0.510999
0.510999
0.510999
0.278762
0.326655
0.197853
0.510999
0
0.510999
0
0.510999
0.140212
0
0.151433
0.509814
0.193443
0.41303
0.223661
0
0.510999
0.510999
1.27453
0.419501
0.510999
0
0.182312
0.510999
1.27453
0.153862
0.510999
0.061102
0.510999
0.510999
0.630698
0.217251
0.510999
0.510999
0
0.254645
0.563286
0
0.510999
0
0.510999
0
0.152223
0.510999
1.27453
0.407398
0.510999
1.27451
0.408393
0
0
0
0
1.03034
0.510999
0
0.510999
0.022772
0.245941
0.510999
0.510999
0
1.27457
0
0
0
1.27453
0.510999
0.186506
0.179178
0.510999
0.440449
0.25759
0.126612
0.185426
0.260344
0
0.269344
0
0
1.27455
0.361843
0
0
1.27453
0
0.510999
0
0.229133
0.49899
0.184546
1.27455
0
0.510999
0.39054
0.510999
0
0.217753
0.255997
0.569137
0.510999
0
0
0.510999
0.362922
0
0.510999
0.510999
0.122158
0
0.510999
0.510999
0
0
0
0
0.248101
0
0.510999
0.149508
0.430608
1.27453
0.304288
0.0152587
0.510999
0
0
0
0
0
0
1.27453
0.510999
0.186506
0.179178
0.510999
0.440449
0.25759
0.126612
0.185426
0.260344
0
0.269344
0
0
1.27455
0.361843
0
0
1.27453
0
0.510999
0
0
1.27453
0
0
0
0.875629
0.510999
0.187733
0.747951
0
0
0
0.196761
0
0.714297
0.317775
0
0
0
0.157264
0
0.510999
0
0
1.40548
1.27453
0.243006
0.510999
0
0.244915
0.510999
0.31681
0
0.454637
0
0
0.510999
1.05758
0
0.510999
0.520866
0.18294
0
0
1.27453
0
0
0.510999
0.647729
0
0.510999
0.261732
0.510999
0.510999
0.192314
0.510999
0
0.510999
0
0.685355
0.0904339
0.209283
1.03474
0
0
0.886663
0.0880659
0.510999
0
0.874311
0.00845126
0
0
0.306979
0.881203
0.296224
0.23763
0.510999
0.164165
0
0.510999
0.193778
0.608824
0.510999
1.27453
0.320834
0
0
0.364019
0.510999
1.11446
0.032058
0.510999
0.109266
0
0.510999
1.27453
0.510999
0.510999
0.260465
0.510999
0.407205
0
1.27453
0.510999
0.216209
0
1.27453
0.445991
0
0.218739
0
0.510999
0
0
0.510999
0.510999
0.124006
1.27454
0
0
0
0.515923
0
0.192103
0
1.27453
0.510999
0
0
0.198066
0.510999
0
0.510999
0.510999
0.438137
0.040068
0.298966
0.510999
0.263446
0
0
0.273632
0
0
0
0
0.211178
0.413422
1.27453
0.29303
0.643994
0
0.91345
0.162782
1.03668
0
0.510999
0.562183
0
0.510999
0.0642244
0.282699
0
0.510999
1.27453
0
0.510999
0
0.331386
0.125803
0.510999
0
0.0626983
0.165022
0.510999
0.510999
0
0
0.033366
0.262906
0.0279909
0
0
0
0.510999
0
0
0
0
1.27453
0.510999
0
0
0
0
0
0
0
0
0.510999
0.227567
0.510999
0
0.197552
0
0.665644
0.918033
0
0.246974
0
0
1.27453
0.470615
1.27453
0
0.510999
0.101108
0
0.24711
0.510999
0
0.207271
0.197587
0.229918
0.510999
0.0729855
0
0
0.879492
0
0.510999
0.135524
0.510999
0
0
0.392226
0.0450166
0.510999
0.510999
0
1.27452
0
0.510999
0.188774
0.510999
0
0
0.320479
0.213923
0.510999
0.510999
0.184186
0.145327
0.510999
1.27453
0.510999
0
0.463276
0.153295
0
0
0.0310221
0.510999
0.510999
0.510999
0
0.177738
1.27453
0.122319
0
0
0.510999
0.00389336
0.376755
0
0.17922
0
0
0.117375
0.246512
0.510999
0
0.175215
0.10278
0
0.275928
0.510999
0.630503
0.510999
0.510999
0.616818
0.194975
0
0.510999
0
1.10786
0.510999
0
0.27302
0.145549
0.510999
0.510999
0.510999
0.510999
0.278762
0.326655
0.197853
0.510999
0
0.510999
0
0.510999
0.140212
0
0.151433
0.509814
0.193443
0.41303
0.223661
0
0.510999
0.510999
1.27453
0.419501
0.510999
0
0.182312
0.510999
1.27453
0.153862
0.510999
0.061102
0.510999
0.510999
0.630698
0.217251
0.510999
0.510999
0
0.254645
0.563286
0
0.510999
0
0.510999
0
0.152223
0.510999
1.27453
0.407398
0.510999
1.27451
0.408393
0
0
0
0
1.03034
0.510999
0
0.510999
0.022772
0.245941
0.510999
0.510999
0
1.27457
0
1.27453
0
0
0
0.875629
0.510999
0.187733
0.747951
0
0
0
0.196761
0
0.714297
0.317775
0
0
0
0.157264
0
0.510999
0
0
1.40548
1.27453
0.243006
0.510999
0
0.244915
0.510999
0.31681
0
0.454637
0
0
0.510999
1.05758
0
0.510999
0.520866
0.18294
0
0
1.27453
0.229133
0.49899
0.184546
1.27455
0
0.510999
0.39054
0.510999
0
0.217753
0.255997
0.569137
0.510999
0
0
0.510999
0.362922
0
0.510999
0.510999
0.122158
0
0.510999
0.510999
0
0
0
0
0.248101
0
0.510999
0.149508
0.430608
1.27453
0.304288
0.0152587
0.510999
0
0
0
0
0
1.27453
0.510999
0.186506
0.179178
0.510999
0.440449
0.25759
0.126612
0.185426
0.260344
0
0.269344
0
0
1.27455
0.361843
0
0
1.27453
0
0.510999
0
0
1.27453
0
0
0
0.875629
0.510999
0.187733
0.747951
0
0
0
0.196761
0
0.714297
0.317775
0
0
0
0.157264
0
0.510999
0
0
1.40548
1.27453
0.243006
0.510999
0
0.244915
0.510999
0.31681
0
0.454637
0
0
0.510999
1.05758
0
0.510999
0.520866
0.18294
0
0
1.27453
0
0
0.510999
0.647729
0
0.510999
0.261732
0.510999
0.510999
0.192314
0.510999
0
0.510999
0
0.685355
0.0904339
0.209283
1.03474
0
0
0.886663
0.0880659
0.510999
0
0.874311
0.00845126
0
0
0.306979
0.881203
0.296224
0.23763
0.510999
0.164165
0
0.510999
0.193778
0.608824
0.510999
1.27453
0.320834
0
0
0.364019
0.510999
1.11446
0.032058
0.510999
0
0.109266
0
0.510999
1.27453
0.510999
0.510999
0.260465
0.510999
0.407205
0
1.27453
0.510999
0.216209
0
1.27453
0.445991
0
0.218739
0
0.510999
0
0
0.510999
0.510999
0.124006
1.27454
0
0
0
0.515923
0
0.192103
0
1.27453
0.510999
0
0
0.198066
0.510999
0
0.510999
0.510999
0.438137
0.040068
0.510999
0.263446
0
0
0.273632
0
0
0
0
0.211178
0.413422
1.27453
0.29303
0.643994
0
0.91345
0.162782
1.03668
0
0.510999
0.562183
0
0.510999
0.0642244
0.282699
0
0.510999
1.27453
0
0.510999
0
0.331386
0.125803
0.510999
0
0.0626983
0.165022
0.510999
0.510999
0
0
0.033366
0
0
0
0.510999
0
0
0
0
1.27453
0.510999
0
0
0
0
0
0
0
0
0.510999
0.227567
0.510999
0
0.197552
0
0.665644
0.918033
0
0.246974
0
0
1.27453
0.470615
1.27453
0
0.510999
0.101108
0
0.24711
0.510999
0
0.207271
0.197587
0.229918
0.510999
0.0729855
0
0
0.879492
0
0.510999
0
0
0.392226
0.0450166
0.510999
0.510999
0
1.27452
0
0.510999
0.188774
0.510999
0
0
0.320479
0.213923
0.510999
0.510999
0.184186
0.145327
0.510999
1.27453
0.510999
0
0.463276
0.153295
0
0
0.0310221
0.510999
0.510999
0.510999
0
0.177738
1.27453
0.122319
0
0
0.510999
0.00389336
0.376755
0
0.17922
0
0
0.117375
0.246512
0.510999
0
0.175215
0.275928
0.510999
0.630503
0.510999
0.510999
0.616818
0.194975
0
0.510999
0
1.10786
0.510999
0
0.27302
0.145549
0.510999
0.510999
0.510999
0.510999
0.278762
0.326655
0.197853
0.510999
0
0.510999
0
0.510999
0.140212
0
0.151433
0.509814
0.193443
0.41303
0.223661
0
0.510999
0.510999
1.27453
0.419501
0.510999
0
0.510999
1.27453
0.153862
0.510999
0.061102
0.510999
0.510999
0.630698
0.217251
0.510999
0.510999
0
0.254645
0.563286
0
0.510999
0
0.510999
0
0.152223
0.510999
1.27453
0.407398
0.510999
1.27451
0.408393
0
0
0
0
1.03034
0.510999
0
0.510999
0.022772
0.245941
0.510999
0.510999
0
1.27457
0
0
0.510999
0.647729
0
0.510999
0.261732
0.510999
0.510999
0.192314
0.510999
0
0.510999
0
0.685355
0.0904339
0.209283
1.03474
0
0
0.886663
0.0880659
0.510999
0
0.874311
0.00845126
0
0
0.306979
0.881203
0.296224
0.23763
0.510999
0.164165
0
0.510999
0.193778
0.608824
0.510999
1.27453
0.320834
0
0
0.364019
0.510999
1.11446
0.032058
0.510999
0
0
0
0.229133
0.49899
0.184546
1.27455
0
0.510999
0.39054
0.510999
0
0.217753
0.255997
0.569137
0.510999
0
0
0.510999
0.362922
0
0.510999
0.510999
0.122158
0
0.510999
0.510999
0
0
0
0
0.248101
0
0.510999
0.149508
0.430608
1.27453
0.304288
0.0152587
0.510999
0
0
0
0
0
0
1.27453
0.510999
0.186506
0.179178
0.510999
0.440449
0.25759
0.126612
0.185426
0.260344
0
0.269344
0
0
1.27455
0.361843
0
0
1.27453
0
0.510999
0
0
1.27453
0
0
0
0.875629
0.510999
0.187733
0.747951
0
0
0
0.196761
0
0.714297
0.317775
0
0
0
0.157264
0
0.510999
0
0
1.40548
1.27453
0.243006
0.510999
0
0.244915
0.510999
0.31681
0
0.454637
0
0
0.510999
1.05758
0
0.510999
0.520866
0.18294
0
0
0
0
0.510999
0.647729
0
0.510999
0.261732
0.510999
0.510999
0.192314
0.510999
0
0.510999
0
0.685355
0.0904339
0.209283
1.03474
0
0
0.886663
0.0880659
0.510999
0
0.874311
0.00845126
0
0
0.306979
0.881203
0.296224
0.23763
0.510999
0.164165
0
0.510999
0.193778
0.608824
0.510999
1.27453
0.320834
0
0
0.364019
0.510999
1.11446
0.032058
0.510999
0
0
0
0.109266
0
0.510999
1.27453
0.510999
0.510999
0.260465
0.510999
0.407205
0
1.27453
0.510999
0.216209
0
1.27453
0.445991
0
0.218739
0
0.510999
0
0
0.510999
0.510999
0.124006
1.27454
0
0
0
0.515923
0
0.192103
0
1.27453
0.510999
0
0
0.198066
0.510999
0
0.510999
0.510999
0.438137
0.510999
0.263446
0
0
0.273632
0
0
0
0
0.211178
0.413422
1.27453
0.29303
0.643994
0
0.91345
0.162782
1.03668
0
0.510999
0.562183
0
0.510999
0.0642244
0.282699
0
0.510999
1.27453
0
0.510999
0
0.331386
0.125803
0.510999
0
0.0626983
0.165022
0.510999
0.510999
0
0
0.033366
0.262906
0.0279909
0
0
0
0.510999
0
0
0
0
1.27453
0.510999
0
0
0
0
0
0
0
0
0.510999
0.227567
0.510999
0
0.197552
0
0.665644
0.918033
0
0.246974
0
0
1.27453
0.470615
1.27453
0
0.510999
0.101108
0
0.24711
0.510999
0
0.207271
0.197587
0.229918
0.510999
0.0729855
0
0
0
0
0.392226
0.0450166
0.510999
0.510999
0
1.27452
0
0.510999
0.188774
0.510999
0
0
0.320479
0.213923
0.510999
0.510999
0.184186
0.145327
0.510999
1.27453
0.510999
0
0.463276
0.153295
0
0
0.0310221
0.510999
0.510999
0.510999
0
0.177738
1.27453
0.122319
0
0
0.510999
0.00389336
0.376755
0
0.17922
0
0
0.117375
0.246512
0.510999
0
0.175215
0.10278
0
0.275928
0.510999
0.630503
0.510999
0.510999
0.616818
0.194975
0
0.510999
0
1.10786
0.510999
0
0.27302
0.145549
0.510999
0.510999
0.510999
0.510999
0.278762
0.326655
0.197853
0.510999
0
0.510999
0
0.510999
0.140212
0
0.151433
0.509814
0.193443
0.41303
0.223661
0
0.510999
0.510999
1.27453
0.419501
0.510999
0
0.510999
1.27453
0.153862
0.510999
0.061102
0.510999
0.510999
0.630698
0.217251
0.510999
0.510999
0
0.254645
0.563286
0
0.510999
0
0.510999
0
0.152223
0.510999
1.27453
0.407398
0.510999
1.27451
0.408393
0
0
0
0
1.03034
0.510999
0
0.510999
0.022772
0.245941
0.510999
0.510999
0
1.27457
0.109266
0
0.510999
1.27453
0.510999
0.510999
0.260465
0.510999
0.407205
0
1.27453
0.510999
0.216209
0
1.27453
0.445991
0
0.218739
0
0.510999
0
0
0.510999
0.510999
0.124006
1.27454
0
0
0
0.515923
0
0.192103
0
1.27453
0.510999
0
0
0.198066
0.510999
0
0.510999
0.510999
0.438137
0.229133
0.49899
0.184546
1.27455
0
0.510999
0.39054
0.510999
0
0.217753
0.255997
0.569137
0.510999
0
0
0.510999
0.362922
0
0.510999
0.510999
0.122158
0
0.510999
0.510999
0
0
0
0
0.248101
0
0.510999
0.149508
0.430608
1.27453
0.304288
0.0152587
0.510999
0
0
0
0
0
0
1.27453
0.510999
0.186506
0.179178
0.510999
0.440449
0.25759
0.126612
0.185426
0.260344
0
0.269344
0
0
1.27455
0.361843
0
0
1.27453
0
0.510999
0
0
1.27453
0
0
0
0.875629
0.510999
0.187733
0.747951
0
0
0
0.196761
0
0.714297
0.317775
0
0
0
0.157264
0
0.510999
0
0
1.40548
1.27453
0.243006
0.510999
0
0.244915
0.510999
0.31681
0
0.454637
0
0
0.510999
1.05758
0
0.510999
0.520866
0.18294
0
0
0
0
0.510999
0.647729
0
0.510999
0.261732
0.510999
0.510999
0.192314
0.510999
0
0.510999
0
0.685355
0.0904339
0.209283
1.03474
0
0
0.886663
0.0880659
0.510999
0
0.874311
0.00845126
0
0
0.306979
0.881203
0.296224
0.23763
0.510999
0.164165
0
0.510999
0.193778
0.608824
0.510999
1.27453
0.320834
0
0
0.364019
0.510999
1.11446
0.032058
0.510999
0.109266
0
0.510999
1.27453
0.510999
0.510999
0.260465
0.510999
0.407205
0
1.27453
0.510999
0.216209
0
1.27453
0.445991
0
0.218739
0
0.510999
0
0
0.510999
0.510999
0.124006
1.27454
0
0
0
0.515923
0
0.192103
0
1.27453
0.510999
0
0
0.198066
0.510999
0
0.510999
0.510999
0.510999
0.263446
0
0
0.273632
0
0
0
0
0.211178
0.413422
1.27453
0.29303
0.643994
0
0.91345
0.162782
1.03668
0
0.510999
0.562183
0
0.510999
0.0642244
0.282699
0
0.510999
1.27453
0
0.510999
0
0.331386
0.125803
0.510999
0
0.0626983
0.165022
0.510999
0.510999
0
0
0
0
0
0.510999
0
0
0
0
1.27453
0.510999
0
0
0
0
0
0
0
0
0.510999
0.227567
0.510999
0
0.197552
0
0.665644
0.918033
0
0.246974
0
0
1.27453
0.470615
1.27453
0
0.510999
0.101108
0
0.24711
0.510999
0
0.207271
0.197587
0.229918
0.510999
0.0729855
0
0
0.879492
0
0.510999
0.135524
0
0
0.392226
0.0450166
0.510999
0.510999
0
1.27452
0
0.510999
0.188774
0.510999
0
0
0.320479
0.213923
0.510999
0.510999
0.184186
0.145327
0.510999
1.27453
0.510999
0
0.463276
0.153295
0
0
0.0310221
0.510999
0.510999
0.510999
0
0.177738
1.27453
0.122319
0
0
0.510999
0.00389336
0.376755
0
0.17922
0
0
0.117375
0.246512
0.510999
0
0.275928
0.510999
0.630503
0.510999
0.510999
0.616818
0.194975
0
0.510999
0
1.10786
0.510999
0
0.27302
0.145549
0.510999
0.510999
0.510999
0.510999
0.278762
0.326655
0.197853
0.510999
0
0.510999
0
0.510999
0.140212
0
0.151433
0.509814
0.193443
0.41303
0.223661
0
0.510999
0.510999
1.27453
0.419501
0.510999
0
0.510999
1.27453
0.153862
0.510999
0.061102
0.510999
0.510999
0.630698
0.217251
0.510999
0.510999
0
0.254645
0.563286
0
0.510999
0
0.510999
0
0.152223
0.510999
1.27453
0.407398
0.510999
1.27451
0.408393
0
0
0
0
1.03034
0.510999
0
0.510999
0.022772
0.245941
0.510999
0.510999
0
1.27457
0.510999
0.263446
0
0
0.273632
0
0
0
0
0.211178
0.413422
1.27453
0.29303
0.643994
0
0.91345
0.162782
1.03668
0
0.510999
0.562183
0
0.510999
0.0642244
0.282699
0
0.510999
1.27453
0
0.510999
0
0.331386
0.125803
0.510999
0
0.0626983
0.165022
0.510999
0.510999
0
0
0.229133
0.49899
0.184546
1.27455
0
0.510999
0.39054
0.510999
0
0.217753
0.255997
0.569137
0.510999
0
0
0.510999
0.362922
0
0.510999
0.510999
0.122158
0
0.510999
0.510999
0
0
0
0
0.248101
0
0.510999
0.149508
0.430608
1.27453
0.304288
0.0152587
0.510999
0
0
0
0
0
0
1.27453
0.510999
0.186506
0.179178
0.510999
0.440449
0.25759
0.126612
0.185426
0.260344
0
0.269344
0
0
1.27455
0.361843
0
0
1.27453
0
0.510999
0
0.510999
0
1.27453
0
0
0
0.875629
0.510999
0.187733
0.747951
0
0
0
0.196761
0
0.714297
0.317775
0
0
0
0.157264
0
0.510999
0
0
1.40548
1.27453
0.243006
0.510999
0
0.244915
0.510999
0.31681
0
0.454637
0
0
0.510999
1.05758
0
0.510999
0.520866
0.18294
0
0
1.27453
0.510999
0
0
0.510999
0.647729
0
0.510999
0.261732
0.510999
0.510999
0.192314
0.510999
0
0.510999
0
0.685355
0.0904339
0.209283
1.03474
0
0
0.886663
0.0880659
0.510999
0
0.874311
0.00845126
0
0
0.306979
0.881203
0.296224
0.23763
0.510999
0.164165
0
0.510999
0.193778
0.608824
0.510999
1.27453
0.320834
0
0
0.364019
0.510999
1.11446
0.032058
0.510999
0
0
0
0.109266
0
0.510999
1.27453
0.510999
0.510999
0.260465
0.510999
0.407205
0
1.27453
0.510999
0.216209
0
1.27453
0.445991
0
0.218739
0
0.510999
0
0
0.510999
0.510999
0.124006
1.27454
0
0
0
0.515923
0
0.192103
0
1.27453
0.510999
0
0
0.198066
0.510999
0
0.510999
0.510999
0.438137
0.040068
0.510999
0.263446
0
0
0.273632
0
0
0
0
0.211178
0.413422
1.27453
0.29303
0.643994
0
0.91345
0.162782
1.03668
0
0.510999
0.562183
0
0.510999
0.0642244
0.282699
0
0.510999
1.27453
0
0.510999
0
0.331386
0.125803
0.510999
0
0.0626983
0.165022
0.510999
0.510999
0
0
0.033366
0
0
0
0.510999
0
0
0
0
1.27453
0.510999
0
0
0
0
0
0
0
0
0.510999
0.227567
0.510999
0
0.197552
0
0.665644
0.918033
0
0.246974
0
0
1.27453
0.470615
1.27453
0
0.510999
0.101108
0
0.24711
0.510999
0
0.207271
0.197587
0.229918
0.510999
0.0729855
0
0
0.879492
0
0.510999
0.135524
0
0
0.392226
0.0450166
0.510999
0.510999
0
1.27452
0
0.510999
0.188774
0.510999
0
0
0.320479
0.213923
0.510999
0.510999
0.184186
0.145327
0.510999
1.27453
0.510999
0
0.463276
0.153295
0
0
0.0310221
0.510999
0.510999
0.510999
0
0.177738
1.27453
0.122319
0
0
0.510999
0.00389336
0.376755
0
0.17922
0
0
0.117375
0.246512
0.510999
0
0.175215
0.275928
0.510999
0.630503
0.510999
0.510999
0.616818
0.194975
0
0.510999
0
1.10786
0.510999
0
0.27302
0.145549
0.510999
0.510999
0.510999
0.510999
0.278762
0.326655
0.197853
0.510999
0
0.510999
0
0.510999
0.140212
0
0.151433
0.509814
0.193443
0.41303
0.223661
0
0.510999
0.510999
1.27453
0.419501
0.510999
0
0.182312
0.510999
1.27453
0.153862
0.510999
0.061102
0.510999
0.510999
0.630698
0.217251
0.510999
0.510999
0
0.254645
0.563286
0
0.510999
0
0.510999
0
0.152223
0.510999
1.27453
0.407398
0.510999
1.27451
0.408393
0
0
0
0
1.03034
0.510999
0
0.510999
0.022772
0.245941
0.510999
0
0
0
0.510999
0
0
0
0
1.27453
0.510999
0
0
0
0
0
0
0
0
0.510999
0.227567
0.510999
0
0.197552
0
0.665644
0.918033
0
0.246974
0
0
1.27453
0.470615
1.27453
0
0.510999
0.101108
0
0.24711
0.510999
0
0.207271
0.197587
0.229918
0.510999
0.0729855
0
0
0.879492
0
0.229133
0.49899
0.184546
1.27455
0
0.510999
0.39054
0.510999
0
0.217753
0.255997
0.569137
0.510999
0
0
0.510999
0.362922
0
0.510999
0.510999
0.122158
0
0.510999
0.510999
0
0
0
0
0.248101
0
0.510999
0.149508
0.430608
1.27453
0.304288
0.0152587
0.510999
0
0
0
0
1.27453
0.510999
0.186506
0.179178
0.510999
0.440449
0.25759
0.126612
0.185426
0.260344
0
0.269344
0
0
1.27455
0.361843
0
0
1.27453
0
0.510999
0
0.510999
0
1.27453
0
0
0
0.875629
0.510999
0.187733
0.747951
0
0
0
0.196761
0
0.714297
0.317775
0
0
0
0.157264
0
0.510999
0
0
1.40548
1.27453
0.243006
0.510999
0
0.244915
0.510999
0.31681
0
0.454637
0
0
0.510999
1.05758
0
0.510999
0.520866
0.18294
0
0
0
0.510999
0.647729
0
0.510999
0.261732
0.510999
0.510999
0.192314
0.510999
0
0.510999
0
0.685355
0.0904339
0.209283
1.03474
0
0
0.886663
0.0880659
0.510999
0
0.874311
0.00845126
0
0
0.306979
0.881203
0.296224
0.23763
0.510999
0.164165
0
0.510999
0.193778
0.608824
0.510999
1.27453
0.320834
0
0
0.364019
0.510999
1.11446
0.032058
0.510999
0
0
0
0.109266
0
0.510999
1.27453
0.510999
0.510999
0.260465
0.510999
0.407205
0
1.27453
0.510999
0.216209
0
1.27453
0.445991
0
0.218739
0
0.510999
0
0
0.510999
0.510999
0.124006
1.27454
0
0
0
0.515923
0
0.192103
0
1.27453
0.510999
0
0
0.198066
0.510999
0
0.510999
0.510999
0.438137
0.510999
0.263446
0
0
0.273632
0
0
0
0
0.211178
0.413422
1.27453
0.29303
0.643994
0
0.91345
0.162782
1.03668
0
0.510999
0.562183
0
0.510999
0.0642244
0.282699
0
0.510999
1.27453
0
0.510999
0
0.331386
0.125803
0.510999
0
0.0626983
0.165022
0.510999
0.510999
0
0
0
0
0
0.510999
0
0
0
0
1.27453
0.510999
0
0
0
0
0
0
0
0
0.510999
0.227567
0.510999
0
0.197552
0
0.665644
0.918033
0
0.246974
0
0
1.27453
0.470615
1.27453
0
0.510999
0.101108
0
0.24711
0.510999
0
0.207271
0.197587
0.229918
0.510999
0.0729855
0
0
0
0
0.392226
0.0450166
0.510999
0.510999
0
1.27452
0
0.510999
0.188774
0.510999
0
0
0.320479
0.213923
0.510999
0.510999
0.184186
0.145327
0.510999
1.27453
0.510999
0
0.463276
0.153295
0
0
0.0310221
0.510999
0.510999
0.510999
0
0.177738
1.27453
0.122319
0
0
0.510999
0.00389336
0.376755
0
0.17922
0
0
0.117375
0.246512
0.510999
0
0.275928
0.510999
0.630503
0.510999
0.510999
0.616818
0.194975
0
0.510999
0
1.10786
0.510999
0
0.27302
0.145549
0.510999
0.510999
0.510999
0.510999
0.278762
0.326655
0.197853
0.510999
0
0.510999
0
0.510999
0.140212
0
0.151433
0.509814
0.193443
0.41303
0.223661
0
0.510999
0.510999
1.27453
0.419501
0.510999
0
0.182312
0.510999
1.27453
0.153862
0.510999
0.061102
0.510999
0.510999
0.630698
0.217251
0.510999
0.510999
0
0.254645
0.563286
0
0.510999
0
0.510999
0
0.152223
0.510999
1.27453
0.407398
0.510999
1.27451
0.408393
0
0
0
0
1.03034
0.510999
0
0.510999
0.022772
0.245941
0.510999
0.510999
0
1.27457
0
0
0.392226
0.0450166
0.510999
0.510999
0
1.27452
0
0.510999
0.188774
0.510999
0
0
0.320479
0.213923
0.510999
0.510999
0.184186
0.145327
0.510999
1.27453
0.510999
0
0.463276
0.153295
0
0
0.0310221
0.510999
0.510999
0.510999
0
0.177738
1.27453
0.122319
0
0
0.510999
0.00389336
0.376755
0
0.17922
0
0
0.117375
0.246512
0.510999
0
0.229133
0.49899
0.184546
1.27455
0
0.510999
0.39054
0.510999
0
0.217753
0.255997
0.569137
0.510999
0
0
0.510999
0.362922
0
0.510999
0.510999
0.122158
0
0.510999
0.510999
0
0
0
0
0.248101
0
0.510999
0.149508
0.430608
1.27453
0.304288
0.0152587
0.510999
0
0
0
0
0
0
0
1.27453
0.510999
0.186506
0.179178
0.510999
0.440449
0.25759
0.126612
0.185426
0.260344
0
0.269344
0
0
1.27455
0.361843
0
0
1.27453
0
0.510999
0
0.510999
0
1.27453
0
0
0
0.875629
0.510999
0.187733
0.747951
0
0
0
0.196761
0
0.714297
0.317775
0
0
0
0.157264
0
0.510999
0
0
1.40548
1.27453
0.243006
0.510999
0
0.244915
0.510999
0.31681
0
0.454637
0
0
0.510999
1.05758
0
0.510999
0.520866
0.18294
0
0
0
0
0.510999
0.647729
0
0.510999
0.261732
0.510999
0.510999
0.192314
0.510999
0
0.510999
0
0.685355
0.0904339
0.209283
1.03474
0
0
0.886663
0.0880659
0.510999
0
0.874311
0.00845126
0
0
0.306979
0.881203
0.296224
0.23763
0.510999
0.164165
0
0.510999
0.193778
0.608824
0.510999
1.27453
0.320834
0
0
0.364019
0.510999
1.11446
0.032058
0.510999
0
0
0
0.109266
0
0.510999
1.27453
0.510999
0.510999
0.260465
0.510999
0.407205
0
1.27453
0.510999
0.216209
0
1.27453
0.445991
0
0.218739
0
0.510999
0
0
0.510999
0.510999
0.124006
1.27454
0
0
0
0.515923
0
0.192103
0
1.27453
0.510999
0
0
0.198066
0.510999
0
0.510999
0.263446
0
0
0.273632
0
0
0
0
0.211178
0.413422
1.27453
0.29303
0.643994
0
0.91345
0.162782
1.03668
0
0.510999
0.562183
0
0.510999
0.0642244
0.282699
0
0.510999
1.27453
0
0.510999
0
0.331386
0.125803
0.510999
0
0.0626983
0.165022
0.510999
0.510999
0
0
0.033366
0
0
0
0.510999
0
0
0
0
1.27453
0.510999
0
0
0
0
0
0
0
0
0.510999
0.227567
0.510999
0
0.197552
0
0.665644
0.918033
0
0.246974
0
0
1.27453
0.470615
1.27453
0
0.510999
0.101108
0
0.24711
0.510999
0
0.207271
0.197587
0.229918
0.510999
0.0729855
0
0
0
0
0.392226
0.0450166
0.510999
0.510999
0
1.27452
0
0.510999
0.188774
0.510999
0
0
0.320479
0.213923
0.510999
0.510999
0.184186
0.145327
0.510999
1.27453
0.510999
0
0.463276
0.153295
0
0
0.0310221
0.510999
0.510999
0.510999
0
0.177738
1.27453
0.122319
0
0
0.510999
0.00389336
0.376755
0
0.17922
0
0
0.117375
0.246512
0.510999
0.275928
0.510999
0.630503
0.510999
0.510999
0.616818
0.194975
0
0.510999
0
1.10786
0.510999
0
0.27302
0.145549
0.510999
0.510999
0.510999
0.510999
0.278762
0.326655
0.197853
0.510999
0
0.510999
0
0.510999
0.140212
0
0.151433
0.509814
0.193443
0.41303
0.223661
0
0.510999
0.510999
1.27453
0.419501
0.510999
0
0.510999
1.27453
0.153862
0.510999
0.061102
0.510999
0.510999
0.630698
0.217251
0.510999
0.510999
0
0.254645
0.563286
0
0.510999
0
0.510999
0
0.152223
0.510999
1.27453
0.407398
0.510999
1.27451
0.408393
0
0
0
0
1.03034
0.510999
0
0.510999
0.022772
0.245941
0.510999
0.510999
0
1.27457
0.510999
0.275928
0.510999
0.630503
0.510999
0.510999
0.616818
0.194975
0
0.510999
0
1.10786
0.510999
0
0.27302
0.145549
0.510999
0.510999
0.510999
0.510999
0.278762
0.326655
0.197853
0.510999
0
0.510999
0
0.510999
0.140212
0
0.151433
0.509814
0.193443
0.41303
0.223661
0
0.510999
0.510999
1.27453
0.419501
0.510999
0
0.229133
0.49899
0.184546
1.27455
0
0.510999
0.39054
0.510999
0
0.217753
0.255997
0.569137
0.510999
0
0
0.510999
0.362922
0
0.510999
0.510999
0.122158
0
0.510999
0.510999
0
0
0
0
0.248101
0
0.510999
0.149508
0.430608
1.27453
0.304288
0.0152587
0.510999
0
0
0
0
0
0
0
0
1.27453
0.510999
0.186506
0.179178
0.510999
0.440449
0.25759
0.126612
0.185426
0.260344
0
0.269344
0
0
1.27455
0.361843
0
0
1.27453
0
0.510999
0
0
1.27453
0
0
0
0.875629
0.510999
0.187733
0.747951
0
0
0
0.196761
0
0.714297
0.317775
0
0
0
0.157264
0
0.510999
0
0
1.40548
1.27453
0.243006
0.510999
0
0.244915
0.510999
0.31681
0
0.454637
0
0
0.510999
1.05758
0
0.510999
0.520866
0.18294
0
0
1.27453
0.510999
0
0
0.510999
0.647729
0
0.510999
0.261732
0.510999
0.510999
0.192314
0.510999
0
0.510999
0
0.685355
0.0904339
0.209283
1.03474
0
0
0.886663
0.0880659
0.510999
0
0.874311
0.00845126
0
0
0.306979
0.881203
0.296224
0.23763
0.510999
0.164165
0
0.510999
0.193778
0.608824
0.510999
1.27453
0.320834
0
0
0.364019
0.510999
1.11446
0.032058
0.510999
0
0
0
0.109266
0
0.510999
1.27453
0.510999
0.510999
0.260465
0.510999
0.407205
0
1.27453
0.510999
0.216209
0
1.27453
0.445991
0
0.218739
0
0.510999
0
0
0.510999
0.510999
0.124006
1.27454
0
0
0
0.515923
0
0.192103
0
1.27453
0.510999
0
0
0.198066
0.510999
0
0.510999
0.510999
0.438137
0.040068
0.298966
0.510999
0.263446
0
0
0.273632
0
0
0
0
0.211178
0.413422
1.27453
0.29303
0.643994
0
0.91345
0.162782
1.03668
0
0.510999
0.562183
0
0.510999
0.0642244
0.282699
0
0.510999
1.27453
0
0.510999
0
0.331386
0.125803
0.510999
0
0.0626983
0.165022
0.510999
0.510999
0
0
0
0
0
0.510999
0
0
0
0
1.27453
0.510999
0
0
0
0
0
0
0
0
0.510999
0.227567
0.510999
0
0.197552
0
0.665644
0.918033
0
0.246974
0
0
1.27453
0.470615
1.27453
0
0.510999
0.101108
0
0.24711
0.510999
0
0.207271
0.197587
0.229918
0.510999
0.0729855
0
0
0
0
0.392226
0.0450166
0.510999
0.510999
0
1.27452
0
0.510999
0.188774
0.510999
0
0
0.320479
0.213923
0.510999
0.510999
0.184186
0.145327
0.510999
1.27453
0.510999
0
0.463276
0.153295
0
0
0.0310221
0.510999
0.510999
0.510999
0
0.177738
1.27453
0.122319
0
0
0.510999
0.00389336
0.376755
0
0.17922
0
0
0.117375
0.246512
0.510999
0
0.275928
0.510999
0.630503
0.510999
0.510999
0.616818
0.194975
0
0.510999
0
1.10786
0.510999
0
0.27302
0.145549
0.510999
0.510999
0.510999
0.510999
0.278762
0.326655
0.197853
0.510999
0
0.510999
0
0.510999
0.140212
0
0.151433
0.509814
0.193443
0.41303
0.223661
0
0.510999
0.510999
1.27453
0.419501
0.510999
0
0.510999
1.27453
0.153862
0.510999
0.061102
0.510999
0.510999
0.630698
0.217251
0.510999
0.510999
0
0.254645
0.563286
0
0.510999
0
0.510999
0
0.152223
0.510999
1.27453
0.407398
0.510999
1.27451
0.408393
0
0
0
0
1.03034
0.510999
0
0.510999
0.022772
0.245941
0.510999
0.510999
0
1.27457
0.510999
1.27453
0.153862
0.510999
0.061102
0.510999
0.510999
0.630698
0.217251
0.510999
0.510999
0
0.254645
0.563286
0
0.510999
0
0.510999
0
0.152223
0.510999
1.27453
0.407398
0.510999
1.27451
0.408393
0
0
0
0
1.03034
0.510999
0
0.510999
0.022772
0.245941
0.510999
0.510999
0
1.27457
