0
0.510999
0.0538161
0
0
0.510999
0.510999
0.201818
0
0.331557
1.27453
0
0.510999
0.382709
0
0.510999
0.510999
0
0.483741
0.649881
0.510999
0.426798
0.0516089
0.266277
0.270174
0.510999
0.243974
0
0
0.510999
0
0.1106
0.510999
0
0.240194
0.510999
0.0961941
0.510999
0
0
0.976017
0
0
0
0.205421
0.510999
0
0
0.510999
0.0538161
0
0
0.510999
0.510999
0.201818
0
0.331557
1.27453
0
0.510999
0.382709
0
0.510999
0.510999
0
0.483741
0.649881
0.510999
0.426798
0.0516089
0.266277
0.270174
0.510999
0.243974
0
0
0.510999
0
0.1106
0.510999
0
0.240194
0.510999
0.0961941
0.510999
0
0
0.976017
0
0
0
0.205421
0.510999
0
1.27451
0.510999
0.189493
0.510999
0
0.174242
0.171411
1.09784
0.323728
0.510999
1.27453
0
0.328891
1.27452
1.03838
0.148986
0.373569
1.78553
0.510999
0
0
0.19601
0.510999
0
1.27453
0
0.165315
0.635186
0
1.27453
0
0
0.510999
0.510999
0
0
0.794518
0.510999
0.510999
0.510999
0.229924
0.510999
0
0.143926
1.27453
0.111168
0
0.510999
0
0.0197251
1.05406
0.254299
0
1.27453
1.05364
0.510999
0
0.209587
0.220936
0
0.0571601
0
0
0.41573
1.27453
0.510999
0.510999
0.510999
0.510999
0
0
0.863458
0.510999
0.510999
0.510999
0.371629
0.510999
0.510999
0
0
0
0.510999
0.00926165
0
0.18135
0.586217
0.605819
0.298893
0.252775
0.320661
0.24269
1.27453
0.510999
0.510999
0
0.510999
1.27451
0
0
0
0.474533
0
0.510999
0
0
0.510999
0.781187
0
0
0
0.248748
0.253565
0
0.510999
0.0957853
0
0
0
0.61815
0.510999
0.510999
0.148196
0
0.510999
0.364844
0
0
0
0
0.22817
0.510999
0.277135
0.510999
0
0.197814
0.0313999
0.510999
0.510999
0
1.27453
0
0
0.104174
1.10778
0.510999
0.335505
1.27453
0
0.146891
0.0439086
0.510999
0.510999
0.510999
0.294871
1.17217
0
0.510999
0.510999
1.27453
0
0.204627
0.819219
0.208895
0.238257
0
0
0.510999
0.510999
0
1.27453
0.510999
0.510999
0
0.510999
0
0.510999
0.510999
0.510999
0.308401
0.0499195
0.178115
0.510999
0.510999
0
0.510999
0.126452
0
0.510999
0.510999
1.27453
1.27453
0
0.510999
1.27452
0.918049
0
0.315103
0.193707
0.216341
0
0.510999
0
0.510999
0
0.510999
0.335059
0
0.510999
0
0.510999
0.304107
0.153045
0.134327
0
0.510999
0.00185604
1.27453
0.3812
0.510999
0
0.176609
0.239767
0
0.832319
0
0
0.231456
0
0.191587
0.510999
0.510999
0.510999
0.182529
0
0.133561
0
0
0
0.372769
0
0.372586
0
0
0.510999
1.27453
0
0
0.0197831
0.206053
0
0.510999
0.287376
0
0
0
0.862051
0.264645
0.510999
0.835693
0.821214
0
0.173503
1.27453
0.510999
0.510999
0
0
0.510999
0
0.216574
0.652707
0
0.510999
0.510999
0.510999
0
1.27453
1.27453
0
0
0.218559
0
0
0
0
0.582234
0.144438
0.480304
1.01041
0
0.295435
0.217728
0.510999
0.54742
0.328969
0
0.258718
1.27453
0
0
0.104941
0.246113
0.510999
0
0.510999
0
0
1.05675
0
0.154912
0
0.188415
0.223254
0.00230433
0
0.461322
0.510999
0.510999
0.253148
0
0.358662
0.510999
0.510999
0
0
0
0.510999
0.510999
0.297285
0.510999
0
0.510999
0.0970208
0
0.510999
0
0.510999
0.510999
0.440856
0
1.31802
0.222407
0
0.510999
0.469594
0.515683
0.510999
0.510999
0.0791888
1.27453
0.510999
0.510999
0
0.0461267
0.379121
0.295861
0
0
0.510999
0.680416
0.510999
0
0.362027
0
0.198942
0
0
0.510999
0.510999
0.760855
0
0.924535
1.27453
0.192718
0
0
0
0
0.510999
0.189493
0.510999
0
0.174242
0.171411
1.09784
0.323728
0.510999
1.27453
0
0.328891
1.27452
1.03838
0.148986
0.373569
1.78553
0.510999
0
0
0.19601
0.510999
0
1.27453
0
0.165315
0.635186
0
1.27453
0
0
0.510999
0.510999
0
0
0.794518
0.510999
0.510999
0.510999
0.229924
0.510999
0
0.510999
0.0538161
0
0
0.510999
0.510999
0.201818
0
0.331557
1.27453
0
0.510999
0.382709
0
0.510999
0.510999
0
0.483741
0.649881
0.510999
0.426798
0.0516089
0.266277
0.270174
0.510999
0.243974
0
0
0.510999
0
0.1106
0.510999
0
0.240194
0.510999
0.0961941
0.510999
0
0
0.976017
0
0
0
0.205421
0.510999
0
1.27451
0.510999
0.189493
0.510999
0
0.174242
0.171411
1.09784
0.323728
0.510999
1.27453
0
0.328891
1.27452
1.03838
0.148986
0.373569
1.78553
0.510999
0
0
0.19601
0.510999
0
1.27453
0
0.165315
0.635186
0
1.27453
0
0
0.510999
0.510999
0
0
0.794518
0.510999
0.510999
0.510999
0.229924
0.510999
0
0.143926
1.27453
0.111168
0
0.510999
0
0.0197251
1.05406
0.254299
0
1.27453
1.05364
0.510999
0
0.209587
0.220936
0
0.0571601
0
0
0.41573
1.27453
0.510999
0.510999
0.510999
0.510999
0
0
0.863458
0.510999
0.510999
0.510999
0.371629
0.510999
0.510999
0
0
0
0.510999
0.00926165
0
0.18135
0.586217
0.605819
0.298893
0.252775
0.320661
0.24269
1.27453
0.510999
0.510999
0
0.510999
1.27451
0
0
0
0.474533
0
0.510999
0
0
0.510999
0.781187
0
0
0
0.248748
0.253565
0
0.510999
0.0957853
0
0
0
0.61815
0.510999
0.510999
0.148196
0
0.510999
0.364844
0
0
0
0
0.22817
0.510999
0.277135
0.510999
0
0.197814
0.0313999
0.510999
0.510999
0
1.27453
0
0
0.104174
1.10778
0.510999
0.335505
1.27453
0
0.146891
0.0439086
0.510999
0.510999
0.510999
0.294871
1.17217
0
0.510999
0.510999
1.27453
0
0.204627
0.819219
0.208895
0.191564
0.238257
0
0
0.510999
0.510999
0
1.27453
0.510999
0.510999
0
0.510999
0
0.510999
0.510999
0.510999
0.308401
0.0499195
0.178115
0.510999
0.510999
0
0.510999
0.126452
0
0.510999
0.510999
1.27453
1.27453
0
0.510999
1.27452
0.918049
0
0.315103
0.193707
0.216341
0
0.510999
0
0.510999
0
0.510999
0.335059
0
0.510999
0
0.510999
0.304107
0.153045
0.134327
0
0
0.510999
0.00185604
1.27453
0.3812
0.510999
0
0.176609
0.239767
0
0.832319
0
0
0.231456
0
0.191587
0.510999
0.510999
0.510999
0.182529
0
0.133561
0
0
0
0.372769
0
0.372586
0
0
0.510999
1.27453
0
0
0.0197831
0.206053
0
0.510999
0.287376
0
0
0
0.862051
0.264645
0.510999
0.835693
0.821214
0
0.173503
1.27453
0
0
0.0811908
0.510999
0.510999
0
0
0.510999
0
0.216574
0.652707
0
0.510999
0.510999
0.510999
0
1.27453
1.27453
0
0
0.218559
0
0
0
0
0.582234
0.144438
0.480304
1.01041
0
0.295435
0.217728
0.510999
0.54742
0.328969
0
0.258718
1.27453
0
0
0.104941
0.246113
0.510999
0
0.510999
0
0
1.05675
1.0282
0.510999
0
0.154912
0
0.188415
0.223254
0.00230433
0
0.461322
0.510999
0.510999
0.253148
0
0.358662
0.510999
0.510999
0
0
0
0.510999
0.510999
0.297285
0.510999
0
0.510999
0.0970208
0
0.510999
0
0.510999
0.510999
0.440856
0
1.31802
0.222407
0
0.510999
0.469594
0.515683
0.510999
0.510999
0.0791888
1.27453
0.510999
0.510999
0
0.0461267
0.379121
0.295861
0
0
0.510999
0.680416
0.510999
0
0.362027
0
0.198942
0
0
0.510999
0.510999
0.760855
0
0.924535
1.27453
0.192718
0
0
0
0
0
0.143926
1.27453
0.111168
0
0.510999
0
0.0197251
1.05406
0.254299
0
1.27453
1.05364
0.510999
0
0.209587
0.220936
0
0.0571601
0
0
0.41573
1.27453
0.510999
0.510999
0.510999
0.510999
0
0
0.863458
0.510999
0.510999
0.510999
0.371629
0.510999
0.510999
0
0
0
0.510999
0.00926165
0
0
0.510999
0.0538161
0
0
0.510999
0.510999
0.201818
0
0.331557
1.27453
0
0.510999
0.382709
0
0.510999
0.510999
0
0.483741
0.649881
0.510999
0.426798
0.0516089
0.266277
0.270174
0.510999
0.243974
0
0
0.510999
0
0.1106
0.510999
0
0.240194
0.510999
0.0961941
0.510999
0
0
0.976017
0
0
0
0.205421
0.510999
0
0.510999
0.189493
0.510999
0
0.174242
0.171411
1.09784
0.323728
0.510999
1.27453
0
0.328891
1.27452
1.03838
0.148986
0.373569
1.78553
0.510999
0
0
0.19601
0.510999
0
1.27453
0
0.165315
0.635186
0
1.27453
0
0
0.510999
0.510999
0
0
0.794518
0.510999
0.510999
0.510999
0.229924
0.510999
0
0.143926
1.27453
0.111168
0
0.510999
0
0.0197251
1.05406
0.254299
0
1.27453
1.05364
0.510999
0
0.209587
0.220936
0
0.0571601
0
0
0.41573
1.27453
0.510999
0.510999
0.510999
0.510999
0
0
0.863458
0.510999
0.510999
0.510999
0.371629
0.510999
0.510999
0
0
0
0.510999
0.00926165
0
0
0.18135
0.586217
0.605819
0.298893
0.252775
0.320661
0.24269
1.27453
0.510999
0.510999
0
0.510999
1.27451
0
0
0
0.474533
0
0.510999
0
0
0.510999
0.781187
0
0
0
0.248748
0.253565
0
0.510999
0.0957853
0
0
0
0.61815
0.510999
0.510999
0.148196
0
0.510999
0.364844
0
0
0
0
0.22817
0.510999
0.277135
0.510999
0
0.197814
0.0313999
0.510999
0.510999
0
1.27453
0
0
0.104174
1.10778
0.510999
0.335505
1.27453
0
0.146891
0.0439086
0.510999
0.510999
0.510999
0.294871
1.17217
0
0.510999
0.510999
1.27453
0
0.204627
0.238257
0
0
0.510999
0.510999
0
1.27453
0.510999
0.510999
0
0.510999
0
0.510999
0.510999
0.510999
0.308401
0.0499195
0.178115
0.510999
0.510999
0
0.510999
0.126452
0
0.510999
0.510999
1.27453
1.27453
0
0.510999
1.27452
0.918049
0
0.315103
0.193707
0.216341
0
0.510999
0
0.510999
0
0.510999
0.335059
0
0.510999
0
0.510999
0.304107
0
0.510999
0.00185604
1.27453
0.3812
0.510999
0
0.176609
0.239767
0
0.832319
0
0
0.231456
0
0.191587
0.510999
0.510999
0.510999
0.182529
0
0.133561
0
0
0
0.372769
0
0.372586
0
0
0.510999
1.27453
0
0
0.0197831
0.206053
0
0.510999
0.287376
0
0
0
0.862051
0.264645
0.510999
0.835693
0.821214
0
0.173503
1.27453
0
0
0.510999
0.510999
0
0
0.510999
0
0.216574
0.652707
0
0.510999
0.510999
0.510999
0
1.27453
1.27453
0
0
0.218559
0
0
0
0
0.582234
0.144438
0.480304
1.01041
0
0.295435
0.217728
0.510999
0.54742
0.328969
0
0.258718
1.27453
0
0
0.104941
0.246113
0.510999
0
0.510999
0
0
1.05675
0
0.154912
0
0.188415
0.223254
0.00230433
0
0.461322
0.510999
0.510999
0.253148
0
0.358662
0.510999
0.510999
0
0
0
0.510999
0.510999
0.297285
0.510999
0
0.510999
0.0970208
0
0.510999
0
0.510999
0.510999
0.440856
0
1.31802
0.222407
0
0.510999
0.469594
0.515683
0.510999
0.510999
0.0791888
1.27453
0.510999
0.510999
0
0.0461267
0.379121
0.295861
0
0
0.510999
0.680416
0.510999
0
0.362027
0
0.198942
0
0
0.510999
0.510999
0.760855
0
0.924535
1.27453
0.192718
0
0
0
0
0
0
0.18135
0.586217
0.605819
0.298893
0.252775
0.320661
0.24269
1.27453
0.510999
0.510999
0
0.510999
1.27451
0
0
0
0.474533
0
0.510999
0
0
0.510999
0.781187
0
0
0
0.248748
0.253565
0
0.510999
0.0957853
0
0
0
0.61815
0.510999
0.510999
0.148196
0
0.510999
0.200609
0.615343
0
0
0.510999
0.0538161
0
0
0.510999
0.510999
0.201818
0
0.331557
1.27453
0
0.510999
0.382709
0
0.510999
0.510999
0
0.483741
0.649881
0.510999
0.426798
0.0516089
0.266277
0.270174
0.510999
0.243974
0
0
0.510999
0
0.1106
0.510999
0
0.240194
0.510999
0.0961941
0.510999
0
0
0.976017
0
0
0
0.205421
0.510999
0
1.27451
0.510999
0.189493
0.510999
0
0.174242
0.171411
1.09784
0.323728
0.510999
1.27453
0
0.328891
1.27452
1.03838
0.148986
0.373569
1.78553
0.510999
0
0
0.19601
0.510999
0
1.27453
0
0.165315
0.635186
0
1.27453
0
0
0.510999
0.510999
0
0
0.794518
0.510999
0.510999
0.510999
0.229924
0.510999
0
0.143926
1.27453
0.111168
0
0.510999
0
0.0197251
1.05406
0.254299
0
1.27453
1.05364
0.510999
0
0.209587
0.220936
0
0.0571601
0
0
0.41573
1.27453
0.510999
0.510999
0.510999
0.510999
0
0
0.863458
0.510999
0.510999
0.510999
0.371629
0.510999
0.510999
0
0
0
0.510999
0.00926165
0
0.18135
0.586217
0.605819
0.298893
0.252775
0.320661
0.24269
1.27453
0.510999
0.510999
0
0.510999
1.27451
0
0
0
0.474533
0
0.510999
0
0
0.510999
0.781187
0
0
0
0.248748
0.253565
0
0.510999
0.0957853
0
0
0
0.61815
0.510999
0.510999
0.148196
0
0.510999
0.200609
0.615343
0
0.364844
0
0
0
0
0.22817
0.510999
0.277135
0.510999
0
0.197814
0.0313999
0.510999
0.510999
0
1.27453
0
0
0.104174
1.10778
0.510999
0.335505
1.27453
0
0.146891
0.0439086
0.510999
0.510999
0.510999
0.294871
1.17217
0
0.510999
0.510999
1.27453
0
0.238257
0
0
0.510999
0.510999
0
1.27453
0.510999
0.510999
0
0.510999
0
0.510999
0.510999
0.510999
0.308401
0.0499195
0.178115
0.510999
0.510999
0
0.510999
0.126452
0
0.510999
0.510999
1.27453
1.27453
0
0.510999
1.27452
0.918049
0
0.315103
0.193707
0.216341
0
0.510999
0
0.510999
0
0.510999
0.335059
0
0.510999
0
0.510999
0.304107
0.153045
0.134327
0
0
0.510999
0.00185604
1.27453
0.3812
0.510999
0
0.176609
0.239767
0
0.832319
0
0
0.231456
0
0.191587
0.510999
0.510999
0.510999
0.182529
0
0.133561
0
0
0
0.372769
0
0.372586
0
0
0.510999
1.27453
0
0
0.0197831
0.206053
0
0.510999
0.287376
0
0
0
0.862051
0.264645
0.510999
0.835693
0.821214
0
0.173503
1.27453
0.510999
0.510999
0
0
0.510999
0
0.216574
0.652707
0
0.510999
0.510999
0.510999
0
1.27453
1.27453
0
0
0.218559
0
0
0
0
0.582234
0.144438
0.480304
1.01041
0
0.295435
0.217728
0.510999
0.54742
0.328969
0
0.258718
1.27453
0
0
0.104941
0.246113
0.510999
0
0.510999
0
0
1.05675
0
0.154912
0
0.188415
0.223254
0.00230433
0
0.461322
0.510999
0.510999
0.253148
0
0.358662
0.510999
0.510999
0
0
0
0.510999
0.510999
0.297285
0.510999
0
0.510999
0.0970208
0
0.510999
0
0.510999
0.510999
0.440856
0
1.31802
0.222407
0
0.510999
0.469594
0.515683
0.510999
0.510999
0.0791888
1.27453
0.510999
0.510999
0
0.0461267
0.379121
0.295861
0
0
0.510999
0.680416
0.510999
0
0.362027
0
0.198942
0
0
0.510999
0.510999
0.760855
0
0.924535
1.27453
0.192718
0
0
0
0
0.364844
0
0
0
0
0.22817
0.510999
0.277135
0.510999
0
0.197814
0.0313999
0.510999
0.510999
0
1.27453
0
0
0.104174
1.10778
0.510999
0.335505
1.27453
0
0.146891
0.0439086
0.510999
0.510999
0.510999
0.294871
1.17217
0
0.510999
0.510999
1.27453
0
0
0.510999
0.0538161
0
0
0.510999
0.510999
0.201818
0
0.331557
1.27453
0
0.510999
0.382709
0
0.510999
0.510999
0
0.483741
0.649881
0.510999
0.426798
0.0516089
0.266277
0.270174
0.510999
0.243974
0
0
0.510999
0
0.1106
0.510999
0
0.240194
0.510999
0.0961941
0.510999
0
0
0.976017
0
0
0
0.205421
0.510999
0
1.27451
0.510999
0.189493
0.510999
0
0.174242
0.171411
1.09784
0.323728
0.510999
1.27453
0
0.328891
1.27452
1.03838
0.148986
0.373569
1.78553
0.510999
0
0
0.19601
0.510999
0
1.27453
0
0.165315
0.635186
0
1.27453
0
0
0.510999
0.510999
0
0
0.794518
0.510999
0.510999
0.510999
0.229924
0.510999
0
0.143926
1.27453
0.111168
0
0.510999
0
0.0197251
1.05406
0.254299
0
1.27453
1.05364
0.510999
0
0.209587
0.220936
0
0.0571601
0
0
0.41573
1.27453
0.510999
0.510999
0.510999
0.510999
0
0
0.863458
0.510999
0.510999
0.510999
0.371629
0.510999
0.510999
0
0
0
0.510999
0.00926165
0
0.18135
0.586217
0.605819
0.298893
0.252775
0.320661
0.24269
1.27453
0.510999
0.510999
0
0.510999
1.27451
0
0
0
0.474533
0
0.510999
0
0
0.510999
0.781187
0
0
0
0.248748
0.253565
0
0.510999
0.0957853
0
0
0
0.61815
0.510999
0.510999
0.148196
0
0.510999
0.364844
0
0
0
0
0.22817
0.510999
0.277135
0.510999
0
0.197814
0.0313999
0.510999
0.510999
0
1.27453
0
0
0.104174
1.10778
0.510999
0.335505
1.27453
0
0.146891
0.0439086
0.510999
0.510999
0.510999
0.294871
1.17217
0
0.510999
0.510999
1.27453
0.238257
0
0
0.510999
0.510999
0
1.27453
0.510999
0.510999
0
0.510999
0
0.510999
0.510999
0.510999
0.308401
0.0499195
0.178115
0.510999
0.510999
0
0.510999
0.126452
0
0.510999
0.510999
1.27453
1.27453
0
0.510999
1.27452
0.918049
0
0.315103
0.193707
0.216341
0
0.510999
0
0.510999
0
0.510999
0.335059
0
0.510999
0
0
0.510999
0.00185604
1.27453
0.3812
0.510999
0
0.176609
0.239767
0
0.832319
0
0
0.231456
0
0.191587
0.510999
0.510999
0.510999
0.182529
0
0.133561
0
0
0
0.372769
0
0.372586
0
0
0.510999
1.27453
0
0
0.0197831
0.206053
0
0.510999
0.287376
0
0
0
0.862051
0.264645
0.510999
0.835693
0.821214
0
0.173503
1.27453
0
0
0.510999
0.510999
0
0
0.510999
0
0.216574
0.652707
0
0.510999
0.510999
0.510999
0
1.27453
1.27453
0
0
0.218559
0
0
0
0
0.582234
0.144438
0.480304
1.01041
0
0.295435
0.217728
0.510999
0.54742
0.328969
0
0.258718
1.27453
0
0
0.104941
0.246113
0.510999
0
0.510999
0
0
1.05675
0
0.154912
0
0.188415
0.223254
0.00230433
0
0.461322
0.510999
0.510999
0.253148
0
0.358662
0.510999
0.510999
0
0
0
0.510999
0.510999
0.297285
0.510999
0
0.510999
0.0970208
0
0.510999
0
0.510999
0.510999
0.440856
0
1.31802
0.222407
0
0.510999
0.469594
0.515683
0.510999
0.510999
0.0791888
1.27453
0.510999
0.510999
0
0.0461267
0.379121
0.295861
0
0
0.510999
0.680416
0.510999
0
0.362027
0
0.198942
0
0
0.510999
0.510999
0.760855
0
0.924535
1.27453
0.192718
0
0
0
0
0
0.238257
0
0
0.510999
0.510999
0
1.27453
0.510999
0.510999
0
0.510999
0
0.510999
0.510999
0.510999
0.308401
0.0499195
0.178115
0.510999
0.510999
0
0.510999
0.126452
0
0.510999
0.510999
1.27453
1.27453
0
0.510999
1.27452
0.918049
0
0.315103
0.193707
0.216341
0
0.510999
0
0.510999
0
0.510999
0.335059
0
0.510999
0
0
0.510999
0.0538161
0
0
0.510999
0.510999
0.201818
0
0.331557
1.27453
0
0.510999
0.382709
0
0.510999
0.510999
0
0.483741
0.649881
0.510999
0.426798
0.0516089
0.266277
0.270174
0.510999
0.243974
0
0
0.510999
0
0.1106
0.510999
0
0.240194
0.510999
0.0961941
0.510999
0
0
0.976017
0
0
0
0.205421
0.510999
0
1.27451
0.510999
0.189493
0.510999
0
0.174242
0.171411
1.09784
0.323728
0.510999
1.27453
0
0.328891
1.27452
1.03838
0.148986
0.373569
1.78553
0.510999
0
0
0.19601
0.510999
0
1.27453
0
0.165315
0.635186
0
1.27453
0
0
0.510999
0.510999
0
0
0.794518
0.510999
0.510999
0.510999
0.229924
0.510999
1.27453
0.23214
0
0.143926
1.27453
0.111168
0
0.510999
0
0.0197251
1.05406
0.254299
0
1.27453
1.05364
0.510999
0
0.209587
0.220936
0
0.0571601
0
0
0.41573
1.27453
0.510999
0.510999
0.510999
0.510999
0
0
0.863458
0.510999
0.510999
0.510999
0.371629
0.510999
0.510999
0
0
0
0.510999
0.00926165
0
0
0.18135
0.586217
0.605819
0.298893
0.252775
0.320661
0.24269
1.27453
0.510999
0.510999
0
0.510999
1.27451
0
0
0
0.474533
0
0.510999
0
0
0.510999
0.781187
0
0
0
0.248748
0.253565
0
0.510999
0.0957853
0
0
0
0.61815
0.510999
0.510999
0.148196
0
0.510999
0.200609
0.615343
0
0.364844
0
0
0
0
0.22817
0.510999
0.277135
0.510999
0
0.197814
0.0313999
0.510999
0.510999
0
1.27453
0
0
0.104174
1.10778
0.510999
0.335505
1.27453
0
0.146891
0.0439086
0.510999
0.510999
0.510999
0.294871
1.17217
0
0.510999
0.510999
1.27453
0
0.204627
0.238257
0
0
0.510999
0.510999
0
1.27453
0.510999
0.510999
0
0.510999
0
0.510999
0.510999
0.510999
0.308401
0.0499195
0.178115
0.510999
0.510999
0
0.510999
0.126452
0
0.510999
0.510999
1.27453
1.27453
0
0.510999
1.27452
0.918049
0
0.315103
0.193707
0.216341
0
0.510999
0
0.510999
0
0.510999
0.335059
0
0.510999
0
0.510999
0.304107
0.153045
0.134327
0
0.510999
0.00185604
1.27453
0.3812
0.510999
0
0.176609
0.239767
0
0.832319
0
0
0.231456
0
0.191587
0.510999
0.510999
0.510999
0.182529
0
0.133561
0
0
0
0.372769
0
0.372586
0
0
0.510999
1.27453
0
0
0.0197831
0.206053
0
0.510999
0.287376
0
0
0
0.862051
0.264645
0.510999
0.835693
0.821214
0
0.173503
1.27453
0
0
0.510999
0.510999
0
0
0.510999
0
0.216574
0.652707
0
0.510999
0.510999
0.510999
0
1.27453
1.27453
0
0
0.218559
0
0
0
0
0.582234
0.144438
0.480304
1.01041
0
0.295435
0.217728
0.510999
0.54742
0.328969
0
0.258718
1.27453
0
0
0.104941
0.246113
0.510999
0
0.510999
0
0
1.05675
0
0.154912
0
0.188415
0.223254
0.00230433
0
0.461322
0.510999
0.510999
0.253148
0
0.358662
0.510999
0.510999
0
0
0
0.510999
0.510999
0.297285
0.510999
0
0.510999
0.0970208
0
0.510999
0
0.510999
0.510999
0.440856
0
1.31802
0.222407
0
0.510999
0.469594
0.515683
0.510999
0.510999
0.0791888
1.27453
0.510999
0.510999
0
0.0461267
0.379121
0.295861
0
0
0.510999
0.680416
0.510999
0
0.362027
0
0.198942
0
0
0.510999
0.510999
0.760855
0
0.924535
1.27453
0.192718
0
0
0
0.510999
0.00185604
1.27453
0.3812
0.510999
0
0.176609
0.239767
0
0.832319
0
0
0.231456
0
0.191587
0.510999
0.510999
0.510999
0.182529
0
0.133561
0
0
0
0.372769
0
0.372586
0
0
0.510999
1.27453
0
0
0.0197831
0.206053
0
0.510999
0.287376
0
0
0
0.862051
0.264645
0.510999
0.835693
0.821214
0
0.173503
1.27453
0
0
0
0.510999
0.0538161
0
0
0.510999
0.510999
0.201818
0
0.331557
1.27453
0
0.510999
0.382709
0
0.510999
0.510999
0
0.483741
0.649881
0.510999
0.426798
0.0516089
0.266277
0.270174
0.510999
0.243974
0
0
0.510999
0
0.1106
0.510999
0
0.240194
0.510999
0.0961941
0.510999
0
0
0.976017
0
0
0
0.205421
0.510999
0.510999
0.189493
0.510999
0
0.174242
0.171411
1.09784
0.323728
0.510999
1.27453
0
0.328891
1.27452
1.03838
0.148986
0.373569
1.78553
0.510999
0
0
0.19601
0.510999
0
1.27453
0
0.165315
0.635186
0
1.27453
0
0
0.510999
0.510999
0
0
0.794518
0.510999
0.510999
0.510999
0.229924
0.510999
1.27453
0
0.143926
1.27453
0.111168
0
0.510999
0
0.0197251
1.05406
0.254299
0
1.27453
1.05364
0.510999
0
0.209587
0.220936
0
0.0571601
0
0
0.41573
1.27453
0.510999
0.510999
0.510999
0.510999
0
0
0.863458
0.510999
0.510999
0.510999
0.371629
0.510999
0.510999
0
0
0
0.510999
0.00926165
0.18135
0.586217
0.605819
0.298893
0.252775
0.320661
0.24269
1.27453
0.510999
0.510999
0
0.510999
1.27451
0
0
0
0.474533
0
0.510999
0
0
0.510999
0.781187
0
0
0
0.248748
0.253565
0
0.510999
0.0957853
0
0
0
0.61815
0.510999
0.510999
0.148196
0
0.510999
0.200609
0.615343
0
0.364844
0
0
0
0
0.22817
0.510999
0.277135
0.510999
0
0.197814
0.0313999
0.510999
0.510999
0
1.27453
0
0
0.104174
1.10778
0.510999
0.335505
1.27453
0
0.146891
0.0439086
0.510999
0.510999
0.510999
0.294871
1.17217
0
0.510999
0.510999
1.27453
0.238257
0
0
0.510999
0.510999
0
1.27453
0.510999
0.510999
0
0.510999
0
0.510999
0.510999
0.510999
0.308401
0.0499195
0.178115
0.510999
0.510999
0
0.510999
0.126452
0
0.510999
0.510999
1.27453
1.27453
0
0.510999
1.27452
0.918049
0
0.315103
0.193707
0.216341
0
0.510999
0
0.510999
0
0.510999
0.335059
0
0.510999
0
0
0.510999
0.00185604
1.27453
0.3812
0.510999
0
0.176609
0.239767
0
0.832319
0
0
0.231456
0
0.191587
0.510999
0.510999
0.510999
0.182529
0
0.133561
0
0
0
0.372769
0
0.372586
0
0
0.510999
1.27453
0
0
0.0197831
0.206053
0
0.510999
0.287376
0
0
0
0.862051
0.264645
0.510999
0.835693
0.821214
0
0.173503
1.27453
0
0.510999
0.510999
0
0
0.510999
0
0.216574
0.652707
0
0.510999
0.510999
0.510999
0
1.27453
1.27453
0
0
0.218559
0
0
0
0
0.582234
0.144438
0.480304
1.01041
0
0.295435
0.217728
0.510999
0.54742
0.328969
0
0.258718
1.27453
0
0
0.104941
0.246113
0.510999
0
0.510999
0
0
1.05675
0
0.154912
0
0.188415
0.223254
0.00230433
0
0.461322
0.510999
0.510999
0.253148
0
0.358662
0.510999
0.510999
0
0
0
0.510999
0.510999
0.297285
0.510999
0
0.510999
0.0970208
0
0.510999
0
0.510999
0.510999
0.440856
0
1.31802
0.222407
0
0.510999
0.469594
0.515683
0.510999
0.510999
0.0791888
1.27453
0.510999
0.510999
0
0.0461267
0.379121
0.295861
0
0
0.510999
0.680416
0.510999
0
0.362027
0
0.198942
0
0
0.510999
0.510999
0.760855
0
0.924535
1.27453
0.192718
0
0
0
0
0.510999
0.510999
0
0
0.510999
0
0.216574
0.652707
0
0.510999
0.510999
0.510999
0
1.27453
1.27453
0
0
0.218559
0
0
0
0
0.582234
0.144438
0.480304
1.01041
0
0.295435
0.217728
0.510999
0.54742
0.328969
0
0.258718
1.27453
0
0
0.104941
0.246113
0.510999
0
0.510999
0
0
1.05675
0
0.510999
0.0538161
0
0
0.510999
0.510999
0.201818
0
0.331557
1.27453
0
0.510999
0.382709
0
0.510999
0.510999
0
0.483741
0.649881
0.510999
0.426798
0.0516089
0.266277
0.270174
0.510999
0.243974
0
0
0.510999
0
0.1106
0.510999
0
0.240194
0.510999
0.0961941
0.510999
0
0
0.976017
0
0
0
0.205421
0.510999
0
1.27451
0.510999
0.189493
0.510999
0
0.174242
0.171411
1.09784
0.323728
0.510999
1.27453
0
0.328891
1.27452
1.03838
0.148986
0.373569
1.78553
0.510999
0
0
0.19601
0.510999
0
1.27453
0
0.165315
0.635186
0
1.27453
0
0
0.510999
0.510999
0
0
0.794518
0.510999
0.510999
0.510999
0.229924
0.510999
1.27453
0.23214
0
0.143926
1.27453
0.111168
0
0.510999
0
0.0197251
1.05406
0.254299
0
1.27453
1.05364
0.510999
0
0.209587
0.220936
0
0.0571601
0
0
0.41573
1.27453
0.510999
0.510999
0.510999
0.510999
0
0
0.863458
0.510999
0.510999
0.510999
0.371629
0.510999
0.510999
0
0
0
0.510999
0.00926165
0.18135
0.586217
0.605819
0.298893
0.252775
0.320661
0.24269
1.27453
0.510999
0.510999
0
0.510999
1.27451
0
0
0
0.474533
0
0.510999
0
0
0.510999
0.781187
0
0
0
0.248748
0.253565
0
0.510999
0.0957853
0
0
0
0.61815
0.510999
0.510999
0.148196
0
0.510999
0.200609
0.615343
0
0.364844
0
0
0
0
0.22817
0.510999
0.277135
0.510999
0
0.197814
0.0313999
0.510999
0.510999
0
1.27453
0
0
0.104174
1.10778
0.510999
0.335505
1.27453
0
0.146891
0.0439086
0.510999
0.510999
0.510999
0.294871
1.17217
0
0.510999
0.510999
0.238257
0
0
0.510999
0.510999
0
1.27453
0.510999
0.510999
0
0.510999
0
0.510999
0.510999
0.510999
0.308401
0.0499195
0.178115
0.510999
0.510999
0
0.510999
0.126452
0
0.510999
0.510999
1.27453
1.27453
0
0.510999
1.27452
0.918049
0
0.315103
0.193707
0.216341
0
0.510999
0
0.510999
0
0.510999
0.335059
0
0.510999
0
0.510999
0.304107
0.153045
0.134327
0
0.510999
0.00185604
1.27453
0.3812
0.510999
0
0.176609
0.239767
0
0.832319
0
0
0.231456
0
0.191587
0.510999
0.510999
0.510999
0.182529
0
0.133561
0
0
0
0.372769
0
0.372586
0
0
0.510999
1.27453
0
0
0.0197831
0.206053
0
0.510999
0.287376
0
0
0
0.862051
0.264645
0.510999
0.835693
0.821214
0
0.173503
0.510999
0.510999
0
0
0.510999
0
0.216574
0.652707
0
0.510999
0.510999
0.510999
0
1.27453
1.27453
0
0
0.218559
0
0
0
0
0.582234
0.144438
0.480304
1.01041
0
0.295435
0.217728
0.510999
0.54742
0.328969
0
0.258718
1.27453
0
0
0.104941
0.246113
0.510999
0
0.510999
0
0
1.05675
0
0.154912
0
0.188415
0.223254
0.00230433
0
0.461322
0.510999
0.510999
0.253148
0
0.358662
0.510999
0.510999
0
0
0
0.510999
0.510999
0.297285
0.510999
0
0.510999
0.0970208
0
0.510999
0
0.510999
0.510999
0.440856
0
1.31802
0.222407
0
0.510999
0.469594
0.515683
0.510999
0.510999
0.0791888
1.27453
0.510999
0.510999
0
0.0461267
0.379121
0.295861
0
0
0.510999
0.680416
0.510999
0
0.362027
0
0.198942
0
0
0.510999
0.510999
0.760855
0
0.924535
1.27453
0.192718
0
0
0
0
0
0
1.27453
0
0.154912
0
0.188415
0.223254
0.00230433
0
0.461322
0.510999
0.510999
0.253148
0
0.358662
0.510999
0.510999
0
0
0
0.510999
0.510999
0.297285
0.510999
0
0.510999
0.0970208
0
0.510999
0
0.510999
0.510999
0.440856
0
0.510999
0.0538161
0
0
0.510999
0.510999
0.201818
0
0.331557
1.27453
0
0.510999
0.382709
0
0.510999
0.510999
0
0.483741
0.649881
0.510999
0.426798
0.0516089
0.266277
0.270174
0.510999
0.243974
0
0
0.510999
0
0.1106
0.510999
0
0.240194
0.510999
0.0961941
0.510999
0
0
0.976017
0
0
0
0.205421
0.510999
0
1.27451
0.510999
0.510999
0.189493
0.510999
0
0.174242
0.171411
1.09784
0.323728
0.510999
1.27453
0
0.328891
1.27452
1.03838
0.148986
0.373569
1.78553
0.510999
0
0
0.19601
0.510999
0
1.27453
0
0.165315
0.635186
0
1.27453
0
0
0.510999
0.510999
0
0
0.794518
0.510999
0.510999
0.510999
0.229924
0.510999
0
0.143926
1.27453
0.111168
0
0.510999
0
0.0197251
1.05406
0.254299
0
1.27453
1.05364
0.510999
0
0.209587
0.220936
0
0.0571601
0
0
0.41573
1.27453
0.510999
0.510999
0.510999
0.510999
0
0
0.863458
0.510999
0.510999
0.510999
0.371629
0.510999
0.510999
0
0
0
0.510999
0.00926165
0
0
0.18135
0.586217
0.605819
0.298893
0.252775
0.320661
0.24269
1.27453
0.510999
0.510999
0
0.510999
1.27451
0
0
0
0.474533
0
0.510999
0
0
0.510999
0.781187
0
0
0
0.248748
0.253565
0
0.510999
0.0957853
0
0
0
0.61815
0.510999
0.510999
0.148196
0
0.510999
0.200609
0.615343
0
0.364844
0
0
0
0
0.22817
0.510999
0.277135
0.510999
0
0.197814
0.0313999
0.510999
0.510999
0
1.27453
0
0
0.104174
1.10778
0.510999
0.335505
1.27453
0
0.146891
0.0439086
0.510999
0.510999
0.510999
0.294871
1.17217
0
0.510999
0.510999
1.27453
0
0.204627
0.819219
0.208895
0.238257
0
0
0.510999
0.510999
0
1.27453
0.510999
0.510999
0
0.510999
0
0.510999
0.510999
0.510999
0.308401
0.0499195
0.178115
0.510999
0.510999
0
0.510999
0.126452
0
0.510999
0.510999
1.27453
1.27453
0
0.510999
1.27452
0.918049
0
0.315103
0.193707
0.216341
0
0.510999
0
0.510999
0
0.510999
0.335059
0
0.510999
0
0
0.510999
0.00185604
1.27453
0.3812
0.510999
0
0.176609
0.239767
0
0.832319
0
0
0.231456
0
0.191587
0.510999
0.510999
0.510999
0.182529
0
0.133561
0
0
0
0.372769
0
0.372586
0
0
0.510999
1.27453
0
0
0.0197831
0.206053
0
0.510999
0.287376
0
0
0
0.862051
0.264645
0.510999
0.835693
0.821214
0
0.173503
0.510999
0.510999
0
0
0.510999
0
0.216574
0.652707
0
0.510999
0.510999
0.510999
0
1.27453
1.27453
0
0
0.218559
0
0
0
0
0.582234
0.144438
0.480304
1.01041
0
0.295435
0.217728
0.510999
0.54742
0.328969
0
0.258718
1.27453
0
0
0.104941
0.246113
0.510999
0
0.510999
0
0
1.05675
0
0.154912
0
0.188415
0.223254
0.00230433
0
0.461322
0.510999
0.510999
0.253148
0
0.358662
0.510999
0.510999
0
0
0
0.510999
0.510999
0.297285
0.510999
0
0.510999
0.0970208
0
0.510999
0
0.510999
0.510999
0.440856
0
1.31802
0.222407
0
0.510999
0.469594
0.515683
0.510999
0.510999
0.0791888
1.27453
0.510999
0.510999
0
0.0461267
0.379121
0.295861
0
0
0.510999
0.680416
0.510999
0
0.362027
0
0.198942
0
0
0.510999
0.510999
0.760855
0
0.924535
1.27453
0.192718
0
0
0
0
0
0
1.31802
0.222407
0
0.510999
0.469594
0.515683
0.510999
0.510999
0.0791888
1.27453
0.510999
0.510999
0
0.0461267
0.379121
0.295861
0
0
0.510999
0.680416
0.510999
0
0.362027
0
0.198942
0
0
0.510999
0.510999
0.760855
0
0.924535
1.27453
0.192718
0
0
0
0
