0
0
0.510999
0.213518
0.250526
0
0.31739
1.27453
0.510999
0
0
0
0.510999
0.510999
0.510999
0.140727
0.510999
0.887328
0.917874
0.510999
1.27454
0.881326
0.352204
0
0.268633
1.27453
0.289017
1.27453
0
0.510999
0
0
1.27453
0.510999
0
0
0
0
0.510999
0.213518
0.250526
0
0.31739
1.27453
0.510999
0
0
0
0.510999
0.510999
0.510999
0.140727
0.510999
0.887328
0.917874
0.510999
1.27454
0.881326
0.352204
0
0.268633
1.27453
0.289017
1.27453
0
0.510999
0
0
1.27453
0.510999
0
0
0.169761
0.196055
0
0
1.27453
0.178512
0
0
0
0.510999
0.510999
0
0
0
0.504285
0.569482
0.313481
0
0.261427
0
1.27453
0.229552
0
1.04066
0
0.510999
0.510999
0
0
0.202388
0.24003
0.510999
0
0.201955
1.03345
0.282818
0
1.10353
0.571468
0.510999
0.32954
0
0
0.510999
0
0.0257047
0
0.26274
0.22047
0
0.29361
0.284572
0.510999
0.272331
0.510999
0
0.510999
0.512463
0.510999
0
0.189772
0
0.510999
1.27453
0
0.157376
0.0709669
0.510999
1.06983
0.375404
0.510999
0.362561
1.78553
0.510999
0.510999
0
0
0.552244
0.510999
0.244692
0.510999
0
1.27453
0
0.510999
0.510999
0
0.248528
0
0
0
0.363599
1.27453
0.354316
0
0
0.605149
0.337288
0
0.834956
0.510999
0
0.0193779
0
0.196168
0.0664598
0.397287
0.510999
1.27453
1.27453
0
0
0.510999
0
0
0.125065
0
0
0.510999
0.365331
0
0.510999
0.403514
0
0.510999
0.565611
0.510999
0
0.510999
0
0.510999
0.510999
0.641415
0
0.505455
0.318543
0.510999
0.510999
0
0.264262
0.708359
0
0.510999
0
0
0.813207
0.510999
0.252921
0
0
0.510999
0.209684
0.199432
0
1.27453
0.471098
0.510999
0.510999
0.510999
0
0.510999
0.510999
0
0.439044
0.510999
0
0.365367
0
0.00464309
0.509751
0.982158
0.510999
1.27451
0.510999
0.189639
0
0.381998
0
0.292425
0.988886
0.286019
0.510999
0.179462
0.510999
0.107733
0
0
0
0
0
0.510999
0.188393
0.317251
0.120688
0
0.322558
0.510999
0.510999
0.337451
0
0.173519
1.00255
0.230008
0.342161
0.293783
0
0.26491
0
0
0.62387
0.212482
0.250949
0.27783
0.270657
0.362198
0.510999
0.37719
0.510999
0.510999
0.0741207
0.22719
1.27453
0
0.230516
0.510999
0
0.381603
0
0
0.259626
0.172538
0.510999
0
0
0.510999
0
0.510999
0.0375565
0.282228
0
0.268298
0
0.218328
0.510999
0.510999
0
0
0.510999
0.510999
0
0
0
0.510999
0
0.510999
0.344612
0
0.510999
0.221381
0
0.149581
0.510999
0.211247
0.510999
0.510999
0.50037
0
0
0.510999
1.27453
0.510999
0.477275
1.27453
0.104722
0.510999
0
0.510999
0.510999
0.207404
0
0
0
0.510999
0.510999
0.251587
1.05476
0.510999
0.289909
0.510999
0
1.03371
0.239393
0
0.38272
0.248939
0.510999
0
0
0.182981
1.01073
0
0.197385
0.190018
0.176454
0.299515
0.245558
0.23783
0
0.12044
0.224252
0.44384
0.510999
0.510999
0.48227
0
0.265557
1.27453
0
0
0
1.27453
0
0.184678
0
0.263501
0.510999
0.510999
0.247507
0.510999
1.27453
0.510999
0.593073
0
0
0.510999
0.0792388
0
0.507075
0
0
0.510999
0
0
0.112211
0
0
0
0
1.27453
0.169761
0.196055
0
0
1.27453
0.178512
0
0
0
0.510999
0.510999
0
0
0
0.504285
0.569482
0.313481
0
0.261427
0
1.27453
0.229552
0
1.04066
0
0.510999
0.510999
0
0
0.202388
0.24003
0.510999
0
0.201955
1.03345
0.282818
0
0
0.510999
0.213518
0.250526
0
0.31739
1.27453
0.510999
0
0
0
0.510999
0.510999
0.510999
0.140727
0.510999
0.887328
0.917874
0.510999
1.27454
0.881326
0.352204
0
0.268633
1.27453
0.289017
1.27453
0
0.510999
0
0
1.27453
0.510999
0
0
0.169761
0.196055
0
0
1.27453
0.178512
0
0
0
0.510999
0.510999
0
0
0
0.504285
0.569482
0.313481
0
0.261427
0
1.27453
0.229552
0
1.04066
0
0.510999
0.510999
0
0
0.202388
0.24003
0.510999
0
0.201955
1.03345
0.282818
0
0.135121
1.10353
0.571468
0.510999
0.32954
0
0
0.510999
0
0.0257047
0
0.26274
0.22047
0
0.29361
0.284572
0.510999
0.272331
0.510999
0
0.510999
0.512463
0.510999
0
0.189772
0
0.510999
1.27453
0
0.157376
0.0709669
0.510999
1.06983
0.375404
0.510999
0.362561
1.78553
0.510999
0.510999
0
0
0.552244
0.510999
0
0.350632
0.510999
0.244692
0.510999
0
1.27453
0
0.510999
0.510999
0
0.248528
0
0
0
0.363599
1.27453
0.354316
0
0
0.605149
0.337288
0
0.834956
0.510999
0
0.0193779
0
0.196168
0.0664598
0.397287
0.510999
1.27453
1.27453
0
0
0
0
0.125065
0
0
0.510999
0.365331
0
0.510999
0.403514
0
0.510999
0.565611
0.510999
0
0.510999
0
0.510999
0.510999
0.641415
0
0.505455
0.318543
0.510999
0.510999
0
0.264262
0.708359
0
0.510999
0
0
0.813207
0.510999
0.252921
0
0
0.510999
0.209684
0.199432
0
1.27453
0.471098
0.510999
0.510999
0.510999
0
0.510999
0.510999
0
0.439044
0.510999
0
0.365367
0
0.00464309
0.509751
0.982158
0.510999
1.27451
0.510999
0.189639
0
0.381998
0
0.292425
0.988886
0.286019
0.510999
0.179462
0.510999
0.107733
0
0
0
0
0
0.510999
0.188393
0.317251
0.120688
0
0.322558
0.510999
0.510999
0.337451
0
0.173519
1.00255
0.230008
0.342161
0.510999
0.293783
0
0.26491
0
0
0.62387
0.212482
0.250949
0.27783
0.270657
0.362198
0.510999
0.37719
0.510999
0.510999
0.0741207
0.22719
1.27453
0
0.230516
0.510999
0
0.381603
0
0
0.259626
0.172538
0.510999
0
0
0.510999
0
0.510999
0.0375565
0.282228
0
0
0
0.510999
0
0.268298
0
0.218328
0.510999
0.510999
0
0
0.510999
0.510999
0
0
0
0.510999
0
0.510999
0.344612
0
0.510999
0.221381
0
0.149581
0.510999
0.211247
0.510999
0.510999
0.50037
0
0
0.510999
1.27453
0.510999
0.477275
0
0
1.27453
0.104722
0.510999
0
0.510999
0.510999
0.207404
0
0
0
0.510999
0.510999
0.251587
1.05476
0.510999
0.289909
0.510999
0
1.03371
0.239393
0
0.38272
0.248939
0.510999
0
0
0.182981
1.01073
0
0.197385
0.190018
0.176454
0.299515
0.245558
0.23783
0
0.12044
0.224252
0.44384
0.510999
0.510999
0.48227
0
0.265557
1.27453
0
0
0
1.27453
0
0.184678
0
0.263501
0.510999
0.510999
0.247507
0.510999
1.27453
0.510999
0.593073
0
0
0.510999
0.0792388
0
0.507075
0
0
0.510999
0
0
0.112211
0
0
0
0
1.27453
1.10353
0.571468
0.510999
0.32954
0
0
0.510999
0
0.0257047
0
0.26274
0.22047
0
0.29361
0.284572
0.510999
0.272331
0.510999
0
0.510999
0.512463
0.510999
0
0.189772
0
0.510999
1.27453
0
0.157376
0.0709669
0.510999
1.06983
0.375404
0.510999
0.362561
1.78553
0.510999
0.510999
0
0
0.552244
0.510999
0
0
0
0.510999
0.213518
0.250526
0
0.31739
1.27453
0.510999
0
0
0
0.510999
0.510999
0.510999
0.140727
0.510999
0.887328
0.917874
0.510999
1.27454
0.881326
0.352204
0
0.268633
1.27453
0.289017
1.27453
0
0.510999
0
0
1.27453
0.510999
0
0
0.169761
0.196055
0
0
1.27453
0.178512
0
0
0
0.510999
0.510999
0
0
0
0.504285
0.569482
0.313481
0
0.261427
0
1.27453
0.229552
0
1.04066
0
0.510999
0.510999
0
0
0.202388
0.24003
0.510999
0
0.201955
1.03345
1.10353
0.571468
0.510999
0.32954
0
0
0.510999
0
0.0257047
0
0.26274
0.22047
0
0.29361
0.284572
0.510999
0.272331
0.510999
0
0.510999
0.512463
0.510999
0
0.189772
0
0.510999
1.27453
0
0.157376
0.0709669
0.510999
1.06983
0.375404
0.510999
0.362561
1.78553
0.510999
0.510999
0
0
0.552244
0.510999
0
0.350632
0.510999
0.244692
0.510999
0
1.27453
0
0.510999
0.510999
0
0.248528
0
0
0
0.363599
1.27453
0.354316
0
0
0.605149
0.337288
0
0.834956
0.510999
0
0.0193779
0
0.196168
0.0664598
0.397287
0.510999
1.27453
1.27453
0
0
0.510999
0
0
0.125065
0
0
0.510999
0.365331
0
0.510999
0.403514
0
0.510999
0.565611
0.510999
0
0.510999
0
0.510999
0.510999
0.641415
0
0.505455
0.318543
0.510999
0.510999
0
0.264262
0.708359
0
0.510999
0
0
0.813207
0.510999
0.252921
0
0
0.510999
0.209684
0.199432
0
1.27453
0.471098
0.510999
0.510999
0.510999
0
0.510999
0.510999
0
0.439044
0.510999
0
0.365367
0
0.00464309
0.509751
0.982158
0.510999
1.27451
0.510999
0.189639
0
0.381998
0
0.292425
0.988886
0.286019
0.510999
0.179462
0.510999
0.107733
0
0
0
0
0
0.510999
0.188393
0.317251
0.120688
0
0.322558
0.510999
0.510999
0.337451
0
0.173519
1.00255
0.293783
0
0.26491
0
0
0.62387
0.212482
0.250949
0.27783
0.270657
0.362198
0.510999
0.37719
0.510999
0.510999
0.0741207
0.22719
1.27453
0
0.230516
0.510999
0
0.381603
0
0
0.259626
0.172538
0.510999
0
0
0.510999
0
0.510999
0.0375565
0.282228
0
0
0.268298
0
0.218328
0.510999
0.510999
0
0
0.510999
0.510999
0
0
0
0.510999
0
0.510999
0.344612
0
0.510999
0.221381
0
0.149581
0.510999
0.211247
0.510999
0.510999
0.50037
0
0
0.510999
1.27453
0.510999
0.477275
1.27453
0.104722
0.510999
0
0.510999
0.510999
0.207404
0
0
0
0.510999
0.510999
0.251587
1.05476
0.510999
0.289909
0.510999
0
1.03371
0.239393
0
0.38272
0.248939
0.510999
0
0
0.182981
1.01073
0
0.197385
0.190018
0.176454
0.299515
0.245558
0.23783
0
0.12044
0.224252
0.44384
0.510999
0.510999
0.48227
0
0.265557
1.27453
0
0
0
1.27453
0
0.184678
0
0.263501
0.510999
0.510999
0.247507
0.510999
1.27453
0.510999
0.593073
0
0
0.510999
0.0792388
0
0.507075
0
0
0.510999
0
0
0.112211
0
0
0
0
1.27453
0.510999
0.244692
0.510999
0
1.27453
0
0.510999
0.510999
0
0.248528
0
0
0
0.363599
1.27453
0.354316
0
0
0.605149
0.337288
0
0.834956
0.510999
0
0.0193779
0
0.196168
0.0664598
0.397287
0.510999
1.27453
1.27453
0
0
0.510999
0.660734
0
0
0
0.510999
0.213518
0.250526
0
0.31739
1.27453
0.510999
0
0
0
0.510999
0.510999
0.510999
0.140727
0.510999
0.887328
0.917874
0.510999
1.27454
0.881326
0.352204
0
0.268633
1.27453
0.289017
1.27453
0
0.510999
0
0
1.27453
0.510999
0
0
0.169761
0.196055
0
0
1.27453
0.178512
0
0
0
0.510999
0.510999
0
0
0
0.504285
0.569482
0.313481
0
0.261427
0
1.27453
0.229552
0
1.04066
0
0.510999
0.510999
0
0
0.202388
0.24003
0.510999
0
0.201955
1.03345
0.282818
0
1.10353
0.571468
0.510999
0.32954
0
0
0.510999
0
0.0257047
0
0.26274
0.22047
0
0.29361
0.284572
0.510999
0.272331
0.510999
0
0.510999
0.512463
0.510999
0
0.189772
0
0.510999
1.27453
0
0.157376
0.0709669
0.510999
1.06983
0.375404
0.510999
0.362561
1.78553
0.510999
0.510999
0
0
0.552244
0.510999
0.244692
0.510999
0
1.27453
0
0.510999
0.510999
0
0.248528
0
0
0
0.363599
1.27453
0.354316
0
0
0.605149
0.337288
0
0.834956
0.510999
0
0.0193779
0
0.196168
0.0664598
0.397287
0.510999
1.27453
1.27453
0
0
0.510999
0.660734
0
0
0
0.125065
0
0
0.510999
0.365331
0
0.510999
0.403514
0
0.510999
0.565611
0.510999
0
0.510999
0
0.510999
0.510999
0.641415
0
0.505455
0.318543
0.510999
0.510999
0
0.264262
0.708359
0
0.510999
0
0
0.813207
0.510999
0.252921
0
0
0.510999
0.209684
0.199432
0
0.471098
0.510999
0.510999
0.510999
0
0.510999
0.510999
0
0.439044
0.510999
0
0.365367
0
0.00464309
0.509751
0.982158
0.510999
1.27451
0.510999
0.189639
0
0.381998
0
0.292425
0.988886
0.286019
0.510999
0.179462
0.510999
0.107733
0
0
0
0
0
0.510999
0.188393
0.317251
0.120688
0
0.322558
0.510999
0.510999
0.337451
0
0.173519
1.00255
0.230008
0.342161
0.510999
0.293783
0
0.26491
0
0
0.62387
0.212482
0.250949
0.27783
0.270657
0.362198
0.510999
0.37719
0.510999
0.510999
0.0741207
0.22719
1.27453
0
0.230516
0.510999
0
0.381603
0
0
0.259626
0.172538
0.510999
0
0
0.510999
0
0.510999
0.0375565
0.282228
0
0.268298
0
0.218328
0.510999
0.510999
0
0
0.510999
0.510999
0
0
0
0.510999
0
0.510999
0.344612
0
0.510999
0.221381
0
0.149581
0.510999
0.211247
0.510999
0.510999
0.50037
0
0
0.510999
1.27453
0.510999
0.477275
0
0
1.27453
0.104722
0.510999
0
0.510999
0.510999
0.207404
0
0
0
0.510999
0.510999
0.251587
1.05476
0.510999
0.289909
0.510999
0
1.03371
0.239393
0
0.38272
0.248939
0.510999
0
0
0.182981
1.01073
0
0.197385
0.190018
0.176454
0.299515
0.245558
0.23783
0
0.12044
0.224252
0.44384
0.510999
0.510999
0.48227
0
0.265557
1.27453
0
0
0
1.27453
0
0.184678
0
0.263501
0.510999
0.510999
0.247507
0.510999
1.27453
0.510999
0.593073
0
0
0.510999
0.0792388
0
0.507075
0
0
0.510999
0
0
0.112211
0
0
0
0
0
0
0.125065
0
0
0.510999
0.365331
0
0.510999
0.403514
0
0.510999
0.565611
0.510999
0
0.510999
0
0.510999
0.510999
0.641415
0
0.505455
0.318543
0.510999
0.510999
0
0.264262
0.708359
0
0.510999
0
0
0.813207
0.510999
0.252921
0
0
0.510999
0.209684
0.199432
0
0
0
0.510999
0.213518
0.250526
0
0.31739
1.27453
0.510999
0
0
0
0.510999
0.510999
0.510999
0.140727
0.510999
0.887328
0.917874
0.510999
1.27454
0.881326
0.352204
0
0.268633
1.27453
0.289017
1.27453
0
0.510999
0
0
1.27453
0.510999
0
0
0.169761
0.196055
0
0
1.27453
0.178512
0
0
0
0.510999
0.510999
0
0
0
0.504285
0.569482
0.313481
0
0.261427
0
1.27453
0.229552
0
1.04066
0
0.510999
0.510999
0
0
0.202388
0.24003
0.510999
0
0.201955
1.03345
0.282818
0
1.10353
0.571468
0.510999
0.32954
0
0
0.510999
0
0.0257047
0
0.26274
0.22047
0
0.29361
0.284572
0.510999
0.272331
0.510999
0
0.510999
0.512463
0.510999
0
0.189772
0
0.510999
1.27453
0
0.157376
0.0709669
0.510999
1.06983
0.375404
0.510999
0.362561
1.78553
0.510999
0.510999
0
0
0.552244
0.510999
0.244692
0.510999
0
1.27453
0
0.510999
0.510999
0
0.248528
0
0
0
0.363599
1.27453
0.354316
0
0
0.605149
0.337288
0
0.834956
0.510999
0
0.0193779
0
0.196168
0.0664598
0.397287
0.510999
1.27453
1.27453
0
0
0
0
0.125065
0
0
0.510999
0.365331
0
0.510999
0.403514
0
0.510999
0.565611
0.510999
0
0.510999
0
0.510999
0.510999
0.641415
0
0.505455
0.318543
0.510999
0.510999
0
0.264262
0.708359
0
0.510999
0
0
0.813207
0.510999
0.252921
0
0
0.510999
0.209684
0.199432
0.471098
0.510999
0.510999
0.510999
0
0.510999
0.510999
0
0.439044
0.510999
0
0.365367
0
0.00464309
0.509751
0.982158
0.510999
1.27451
0.510999
0.189639
0
0.381998
0
0.292425
0.988886
0.286019
0.510999
0.179462
0.510999
0.107733
0
0
0
0
0
0.510999
0.188393
0.317251
0.120688
0
0.322558
0.510999
0.510999
0.337451
0
0.173519
1.00255
0.293783
0
0.26491
0
0
0.62387
0.212482
0.250949
0.27783
0.270657
0.362198
0.510999
0.37719
0.510999
0.510999
0.0741207
0.22719
1.27453
0
0.230516
0.510999
0
0.381603
0
0
0.259626
0.172538
0.510999
0
0
0.510999
0
0.510999
0.0375565
0.282228
0
0
0
0.268298
0
0.218328
0.510999
0.510999
0
0
0.510999
0.510999
0
0
0
0.510999
0
0.510999
0.344612
0
0.510999
0.221381
0
0.149581
0.510999
0.211247
0.510999
0.510999
0.50037
0
0
0.510999
1.27453
0.510999
0.477275
1.27453
0.104722
0.510999
0
0.510999
0.510999
0.207404
0
0
0
0.510999
0.510999
0.251587
1.05476
0.510999
0.289909
0.510999
0
1.03371
0.239393
0
0.38272
0.248939
0.510999
0
0
0.182981
1.01073
0
0.197385
0.190018
0.176454
0.299515
0.245558
0.23783
0
0.12044
0.224252
0.44384
0.510999
0.510999
0.48227
0
0.265557
1.27453
0
0
0
1.27453
0
0.184678
0
0.263501
0.510999
0.510999
0.247507
0.510999
1.27453
0.510999
0.593073
0
0
0.510999
0.0792388
0
0.507075
0
0
0.510999
0
0
0.112211
0
0
0
0
1.27453
0.471098
0.510999
0.510999
0.510999
0
0.510999
0.510999
0
0.439044
0.510999
0
0.365367
0
0.00464309
0.509751
0.982158
0.510999
1.27451
0.510999
0.189639
0
0.381998
0
0.292425
0.988886
0.286019
0.510999
0.179462
0.510999
0.107733
0
0
0
0
0
0.510999
0.188393
0.317251
0.120688
0
0.322558
0.510999
0.510999
0.337451
0
0.173519
1.00255
0
0
0.510999
0.213518
0.250526
0
0.31739
1.27453
0.510999
0
0
0
0.510999
0.510999
0.510999
0.140727
0.510999
0.887328
0.917874
0.510999
1.27454
0.881326
0.352204
0
0.268633
1.27453
0.289017
1.27453
0
0.510999
0
0
1.27453
0.510999
0
0
0.169761
0.196055
0
0
1.27453
0.178512
0
0
0
0.510999
0.510999
0
0
0
0.504285
0.569482
0.313481
0
0.261427
0
1.27453
0.229552
0
1.04066
0
0.510999
0.510999
0
0
0.202388
0.24003
0.510999
0
0.201955
1.03345
0.282818
0
0.135121
1.10353
0.571468
0.510999
0.32954
0
0
0.510999
0
0.0257047
0
0.26274
0.22047
0
0.29361
0.284572
0.510999
0.272331
0.510999
0
0.510999
0.512463
0.510999
0
0.189772
0
0.510999
1.27453
0
0.157376
0.0709669
0.510999
1.06983
0.375404
0.510999
0.362561
1.78553
0.510999
0.510999
0
0
0.552244
0.510999
0
0.350632
0.510999
0.244692
0.510999
0
1.27453
0
0.510999
0.510999
0
0.248528
0
0
0
0.363599
1.27453
0.354316
0
0
0.605149
0.337288
0
0.834956
0.510999
0
0.0193779
0
0.196168
0.0664598
0.397287
0.510999
1.27453
1.27453
0
0
0.510999
0.660734
0
0
0
0.125065
0
0
0.510999
0.365331
0
0.510999
0.403514
0
0.510999
0.565611
0.510999
0
0.510999
0
0.510999
0.510999
0.641415
0
0.505455
0.318543
0.510999
0.510999
0
0.264262
0.708359
0
0.510999
0
0
0.813207
0.510999
0.252921
0
0
0.510999
0.209684
0.199432
0
0.471098
0.510999
0.510999
0.510999
0
0.510999
0.510999
0
0.439044
0.510999
0
0.365367
0
0.00464309
0.509751
0.982158
0.510999
1.27451
0.510999
0.189639
0
0.381998
0
0.292425
0.988886
0.286019
0.510999
0.179462
0.510999
0.107733
0
0
0
0
0
0.510999
0.188393
0.317251
0.120688
0
0.322558
0.510999
0.510999
0.337451
0
0.173519
1.00255
0.230008
0.342161
0.293783
0
0.26491
0
0
0.62387
0.212482
0.250949
0.27783
0.270657
0.362198
0.510999
0.37719
0.510999
0.510999
0.0741207
0.22719
1.27453
0
0.230516
0.510999
0
0.381603
0
0
0.259626
0.172538
0.510999
0
0
0.510999
0
0.510999
0.0375565
0.282228
0
0
0.268298
0
0.218328
0.510999
0.510999
0
0
0.510999
0.510999
0
0
0
0.510999
0
0.510999
0.344612
0
0.510999
0.221381
0
0.149581
0.510999
0.211247
0.510999
0.510999
0.50037
0
0
0.510999
1.27453
0.510999
0.477275
1.27453
0.104722
0.510999
0
0.510999
0.510999
0.207404
0
0
0
0.510999
0.510999
0.251587
1.05476
0.510999
0.289909
0.510999
0
1.03371
0.239393
0
0.38272
0.248939
0.510999
0
0
0.182981
1.01073
0
0.197385
0.190018
0.176454
0.299515
0.245558
0.23783
0
0.12044
0.224252
0.44384
0.510999
0.510999
0.48227
0
0.265557
1.27453
0
0
0
1.27453
0
0.184678
0
0.263501
0.510999
0.510999
0.247507
0.510999
1.27453
0.510999
0.593073
0
0
0.510999
0.0792388
0
0.507075
0
0
0.510999
0
0
0.112211
0
0.293783
0
0.26491
0
0
0.62387
0.212482
0.250949
0.27783
0.270657
0.362198
0.510999
0.37719
0.510999
0.510999
0.0741207
0.22719
1.27453
0
0.230516
0.510999
0
0.381603
0
0
0.259626
0.172538
0.510999
0
0
0.510999
0
0.510999
0.0375565
0.282228
0
0
0.510999
0.213518
0.250526
0
0.31739
1.27453
0.510999
0
0
0
0.510999
0.510999
0.510999
0.140727
0.510999
0.887328
0.917874
0.510999
1.27454
0.881326
0.352204
0
0.268633
1.27453
0.289017
1.27453
0
0.510999
0
0
1.27453
0.510999
0
0.169761
0.196055
0
0
1.27453
0.178512
0
0
0
0.510999
0.510999
0
0
0
0.504285
0.569482
0.313481
0
0.261427
0
1.27453
0.229552
0
1.04066
0
0.510999
0.510999
0
0
0.202388
0.24003
0.510999
0
0.201955
1.03345
0.282818
0
0.135121
1.10353
0.571468
0.510999
0.32954
0
0
0.510999
0
0.0257047
0
0.26274
0.22047
0
0.29361
0.284572
0.510999
0.272331
0.510999
0
0.510999
0.512463
0.510999
0
0.189772
0
0.510999
1.27453
0
0.157376
0.0709669
0.510999
1.06983
0.375404
0.510999
0.362561
1.78553
0.510999
0.510999
0
0
0.552244
0.510999
0.244692
0.510999
0
1.27453
0
0.510999
0.510999
0
0.248528
0
0
0
0.363599
1.27453
0.354316
0
0
0.605149
0.337288
0
0.834956
0.510999
0
0.0193779
0
0.196168
0.0664598
0.397287
0.510999
1.27453
1.27453
0
0
0.510999
0.660734
0
0
0
0.125065
0
0
0.510999
0.365331
0
0.510999
0.403514
0
0.510999
0.565611
0.510999
0
0.510999
0
0.510999
0.510999
0.641415
0
0.505455
0.318543
0.510999
0.510999
0
0.264262
0.708359
0
0.510999
0
0
0.813207
0.510999
0.252921
0
0
0.510999
0.209684
0.199432
0
0.471098
0.510999
0.510999
0.510999
0
0.510999
0.510999
0
0.439044
0.510999
0
0.365367
0
0.00464309
0.509751
0.982158
0.510999
1.27451
0.510999
0.189639
0
0.381998
0
0.292425
0.988886
0.286019
0.510999
0.179462
0.510999
0.107733
0
0
0
0
0
0.510999
0.188393
0.317251
0.120688
0
0.322558
0.510999
0.510999
0.337451
0
0.173519
1.00255
0.293783
0
0.26491
0
0
0.62387
0.212482
0.250949
0.27783
0.270657
0.362198
0.510999
0.37719
0.510999
0.510999
0.0741207
0.22719
1.27453
0
0.230516
0.510999
0
0.381603
0
0
0.259626
0.172538
0.510999
0
0
0.510999
0
0.510999
0.0375565
0.282228
0
0.268298
0
0.218328
0.510999
0.510999
0
0
0.510999
0.510999
0
0
0
0.510999
0
0.510999
0.344612
0
0.510999
0.221381
0
0.149581
0.510999
0.211247
0.510999
0.510999
0.50037
0
0
0.510999
1.27453
0.510999
0.477275
1.27453
0.104722
0.510999
0
0.510999
0.510999
0.207404
0
0
0
0.510999
0.510999
0.251587
1.05476
0.510999
0.289909
0.510999
0
1.03371
0.239393
0
0.38272
0.248939
0.510999
0
0
0.182981
1.01073
0
0.197385
0.190018
0.176454
0.299515
0.245558
0.23783
0
0.12044
0.224252
0.44384
0.510999
0.510999
0.48227
0
0.265557
1.27453
0
0
0
1.27453
0
0.184678
0
0.263501
0.510999
0.510999
0.247507
0.510999
1.27453
0.510999
0.593073
0
0
0.510999
0.0792388
0
0.507075
0
0
0.510999
0
0
0.112211
0
0
0
0
0
0.268298
0
0.218328
0.510999
0.510999
0
0
0.510999
0.510999
0
0
0
0.510999
0
0.510999
0.344612
0
0.510999
0.221381
0
0.149581
0.510999
0.211247
0.510999
0.510999
0.50037
0
0
0.510999
1.27453
0.510999
0.477275
0
0
0.510999
0.213518
0.250526
0
0.31739
1.27453
0.510999
0
0
0
0.510999
0.510999
0.510999
0.140727
0.510999
0.887328
0.917874
0.510999
1.27454
0.881326
0.352204
0
0.268633
1.27453
0.289017
1.27453
0
0.510999
0
0
1.27453
0.510999
0
0
0.169761
0.196055
0
0
1.27453
0.178512
0
0
0
0.510999
0.510999
0
0
0
0.504285
0.569482
0.313481
0
0.261427
0
1.27453
0.229552
0
1.04066
0
0.510999
0.510999
0
0
0.202388
0.24003
0.510999
0
0.201955
1.03345
0.282818
0
0.135121
1.10353
0.571468
0.510999
0.32954
0
0
0.510999
0
0.0257047
0
0.26274
0.22047
0
0.29361
0.284572
0.510999
0.272331
0.510999
0
0.510999
0.512463
0.510999
0
0.189772
0
0.510999
1.27453
0
0.157376
0.0709669
0.510999
1.06983
0.375404
0.510999
0.362561
1.78553
0.510999
0.510999
0
0
0.552244
0.510999
0.244692
0.510999
0
1.27453
0
0.510999
0.510999
0
0.248528
0
0
0
0.363599
1.27453
0.354316
0
0
0.605149
0.337288
0
0.834956
0.510999
0
0.0193779
0
0.196168
0.0664598
0.397287
0.510999
1.27453
1.27453
0
0
0.510999
0.660734
0
0
0
0.125065
0
0
0.510999
0.365331
0
0.510999
0.403514
0
0.510999
0.565611
0.510999
0
0.510999
0
0.510999
0.510999
0.641415
0
0.505455
0.318543
0.510999
0.510999
0
0.264262
0.708359
0
0.510999
0
0
0.813207
0.510999
0.252921
0
0
0.510999
0.209684
0.199432
0.471098
0.510999
0.510999
0.510999
0
0.510999
0.510999
0
0.439044
0.510999
0
0.365367
0
0.00464309
0.509751
0.982158
0.510999
1.27451
0.510999
0.189639
0
0.381998
0
0.292425
0.988886
0.286019
0.510999
0.179462
0.510999
0.107733
0
0
0
0
0
0.510999
0.188393
0.317251
0.120688
0
0.322558
0.510999
0.510999
0.337451
0
0.173519
1.00255
0.230008
0.342161
0.293783
0
0.26491
0
0
0.62387
0.212482
0.250949
0.27783
0.270657
0.362198
0.510999
0.37719
0.510999
0.510999
0.0741207
0.22719
1.27453
0
0.230516
0.510999
0
0.381603
0
0
0.259626
0.172538
0.510999
0
0
0.510999
0
0.510999
0.0375565
0.282228
0
0.268298
0
0.218328
0.510999
0.510999
0
0
0.510999
0.510999
0
0
0
0.510999
0
0.510999
0.344612
0
0.510999
0.221381
0
0.149581
0.510999
0.211247
0.510999
0.510999
0.50037
0
0
0.510999
1.27453
0.510999
0.477275
1.27453
0.104722
0.510999
0
0.510999
0.510999
0.207404
0
0
0
0.510999
0.510999
0.251587
1.05476
0.510999
0.289909
0.510999
0
1.03371
0.239393
0
0.38272
0.248939
0.510999
0
0
0.182981
1.01073
0
0.197385
0.190018
0.176454
0.299515
0.245558
0.23783
0
0.12044
0.224252
0.44384
0.510999
0.510999
0.48227
0
0.265557
1.27453
0
0
0
1.27453
0
0.184678
0
0.263501
0.510999
0.510999
0.247507
0.510999
1.27453
0.510999
0.593073
0
0
0.510999
0.0792388
0
0.507075
0
0
0.510999
0
0
0.112211
0
0
0
0
1.27453
0.148004
0.299384
1.27453
0.104722
0.510999
0
0.510999
0.510999
0.207404
0
0
0
0.510999
0.510999
0.251587
1.05476
0.510999
0.289909
0.510999
0
1.03371
0.239393
0
0.38272
0.248939
0.510999
0
0
0.182981
1.01073
0
0.197385
0.190018
0.176454
0.299515
0.245558
0.23783
0
0.12044
0.224252
0.44384
0
0
0.510999
0.213518
0.250526
0
0.31739
1.27453
0.510999
0
0
0
0.510999
0.510999
0.510999
0.140727
0.510999
0.887328
0.917874
0.510999
1.27454
0.881326
0.352204
0
0.268633
1.27453
0.289017
1.27453
0
0.510999
0
0
1.27453
0.510999
0
0
0
0.169761
0.196055
0
0
1.27453
0.178512
0
0
0
0.510999
0.510999
0
0
0
0.504285
0.569482
0.313481
0
0.261427
0
1.27453
0.229552
0
1.04066
0
0.510999
0.510999
0
0
0.202388
0.24003
0.510999
0
0.201955
1.03345
1.10353
0.571468
0.510999
0.32954
0
0
0.510999
0
0.0257047
0
0.26274
0.22047
0
0.29361
0.284572
0.510999
0.272331
0.510999
0
0.510999
0.512463
0.510999
0
0.189772
0
0.510999
1.27453
0
0.157376
0.0709669
0.510999
1.06983
0.375404
0.510999
0.362561
1.78553
0.510999
0.510999
0
0
0.552244
0.510999
0
0.350632
0.510999
0.244692
0.510999
0
1.27453
0
0.510999
0.510999
0
0.248528
0
0
0
0.363599
1.27453
0.354316
0
0
0.605149
0.337288
0
0.834956
0.510999
0
0.0193779
0
0.196168
0.0664598
0.397287
0.510999
1.27453
1.27453
0
0
0.510999
0.660734
0
1.27453
0
0
0.125065
0
0
0.510999
0.365331
0
0.510999
0.403514
0
0.510999
0.565611
0.510999
0
0.510999
0
0.510999
0.510999
0.641415
0
0.505455
0.318543
0.510999
0.510999
0
0.264262
0.708359
0
0.510999
0
0
0.813207
0.510999
0.252921
0
0
0.510999
0.209684
0.199432
0
1.27453
0.471098
0.510999
0.510999
0.510999
0
0.510999
0.510999
0
0.439044
0.510999
0
0.365367
0
0.00464309
0.509751
0.982158
0.510999
1.27451
0.510999
0.189639
0
0.381998
0
0.292425
0.988886
0.286019
0.510999
0.179462
0.510999
0.107733
0
0
0
0
0
0.510999
0.188393
0.317251
0.120688
0
0.322558
0.510999
0.510999
0.337451
0
0.173519
1.00255
0.293783
0
0.26491
0
0
0.62387
0.212482
0.250949
0.27783
0.270657
0.362198
0.510999
0.37719
0.510999
0.510999
0.0741207
0.22719
1.27453
0
0.230516
0.510999
0
0.381603
0
0
0.259626
0.172538
0.510999
0
0
0.510999
0
0.510999
0.0375565
0.282228
0
0.268298
0
0.218328
0.510999
0.510999
0
0
0.510999
0.510999
0
0
0
0.510999
0
0.510999
0.344612
0
0.510999
0.221381
0
0.149581
0.510999
0.211247
0.510999
0.510999
0.50037
0
0
0.510999
1.27453
0.510999
0.477275
1.27453
0.104722
0.510999
0
0.510999
0.510999
0.207404
0
0
0
0.510999
0.510999
0.251587
1.05476
0.510999
0.289909
0.510999
0
1.03371
0.239393
0
0.38272
0.248939
0.510999
0
0
0.182981
1.01073
0
0.197385
0.190018
0.176454
0.299515
0.245558
0.23783
0
0.12044
0.224252
0.44384
0.510999
0.510999
0.48227
0
0.265557
1.27453
0
0
0
1.27453
0
0.184678
0
0.263501
0.510999
0.510999
0.247507
0.510999
1.27453
0.510999
0.593073
0
0
0.510999
0.0792388
0
0.507075
0
0
0.510999
0
0
0.112211
0
0
0
0
1.27453
0.510999
0.510999
0.48227
0
0.265557
1.27453
0
0
0
1.27453
0
0.184678
0
0.263501
0.510999
0.510999
0.247507
0.510999
1.27453
0.510999
0.593073
0
0
0.510999
0.0792388
0
0.507075
0
0
0.510999
0
0
0.112211
0
0
0
0
