0.510999
0.510999
0
1.27453
0.0218433
0.0796306
0
0.293245
0
0.510999
0.510999
1.27452
0
0
1.05335
0
0.571566
0
0.294073
0.510999
0.510999
0
0
0.0980117
1.27454
0
0
0
0.426245
0.510999
0
0.0357883
0
0.093231
0.211524
0.37469
0.510999
0.128504
0.44966
0.510999
0.510999
0
1.27453
0.0218433
0.0796306
0
0.293245
0
0.510999
0.510999
1.27452
0
0
1.05335
0
0.571566
0
0.294073
0.510999
0.510999
0
0
0.0980117
1.27454
0
0
0
0.426245
0.510999
0
0.0357883
0
0.093231
0.211524
0.37469
0.510999
0.128504
0.44966
0.268992
0
0
0.836497
0.510999
0
0.40304
0.175111
0.41038
0
0.510999
0.22131
0
0.96214
0.510999
0.0693937
1.27453
0.591389
0
0.0540849
0.371411
0.510999
0.161342
0.510999
0
0.510999
0.410201
0.346496
0.0956598
0.682211
0.185269
0.217698
1.27453
0.277933
0.510999
0.510999
0.441177
0.510999
0
0
0.510999
0
0
0.510999
0.510999
1.27453
1.27451
0
0
0
0.211946
0.427549
0
0
0.510999
0
0
0.242961
0
0.0855686
0.510999
0
0.196323
0
1.02275
0.510999
0.344119
1.27453
0.194189
0.510999
0.787974
0.00526377
0.40185
0
0.229942
0
0.510999
0.651725
0
0.510999
0.173185
1.27453
0
0
0.290645
0.510999
0.187759
0.510999
0.510999
0
0.145396
0
0.776984
0
0
0.510999
0.510999
0
0
0.510999
0.106418
0
0.510999
1.27453
0
0.636372
0.15416
0
0
1.27453
1.27453
0.510999
0.200551
0
0.725097
0.48342
0.182761
0.573275
0
0.217694
1.27453
0.510999
0
0.224121
0
0.943484
0
0
0.510999
0.510999
0
0.510999
0.510999
0.107013
1.27453
0.197526
0.510999
0.110334
0.510999
1.27453
0
0
1.0729
0.264809
0
0.546971
0.510999
0
0.510999
0.334861
0.256695
0.510999
0.103743
1.27453
0
0
0.510999
0.809443
0.510999
0.329878
1.27453
0
0.510999
0.0117057
0
0
0.510999
1.27453
0
0
0
0
0.510999
0
0
0
0.104251
0.510999
1.1068
0.510999
0.510999
0
0.121637
0
1.27448
0.510999
0
1.27453
0.2671
0
0
0.0564244
0.510999
0.277878
0.881384
0.272301
0
1.27453
0
0.510999
0.510999
0.0382236
0
0.124131
0.510999
0
0.226863
0.279543
0
0.369926
0.510999
0.336853
0.283565
0
0
0.510999
0.936328
0.0209125
0.176623
1.27453
0.653016
0
0
0
0.510999
0
0.926921
0
0.236889
0.265466
0.0093892
0.162243
0.0226861
0
0.510999
0
0.290255
0.510999
0.510999
1.27453
0.250668
0.510999
0
0.00506219
1.27453
0
0
0.510999
0.510999
0.338209
0.510999
0.190279
0
0
0.178797
0
0.192865
0.323195
0
0
0.510999
0.205433
0.0237463
0.0560158
0.510999
0.227937
0
0
0.144135
1.27453
0.0844948
0.510999
0
0.510999
0
0
0.510999
0.510999
0.430978
0.510999
0
0
0.198595
0
0.510999
1.27453
0
0.510999
0.510999
0.0928914
0.0431408
0.232741
0.378117
0.383421
0.826439
0.21419
0.510999
0
0.308226
1.27453
0
0.510999
0
0.437527
0.0178951
0.348759
0.510999
0
1.27453
0.510999
0.510999
0
0.205077
0.304648
0.0548805
0
0.320981
0
0.106135
0
1.27453
0
0
0
0.175826
0
0.510999
0
0
0
0
0.51241
0.510999
0
0
0.021402
0.316504
0.510999
0.238063
0.181166
0.510999
0.274384
0.0444831
0
0.62986
1.27453
0.196523
0
0
0
1.27453
0.510999
0.20656
0
0.510999
1.27453
0.503072
0.251875
0.408093
0
0.174105
0
0.221095
0.232411
0
0
0
0.268992
0
0
0.836497
0.510999
0
0.40304
0.175111
0.41038
0
0.510999
0.22131
0
0.96214
0.510999
0.0693937
1.27453
0.591389
0
0.0540849
0.371411
0.510999
0.161342
0.510999
0
0.510999
0.410201
0.346496
0.0956598
0.682211
0.185269
0.217698
1.27453
0.277933
0.510999
0.510999
0.441177
0.510999
0
0
0.510999
0.510999
0.510999
0
1.27453
0.0218433
0.0796306
0
0.293245
0
0.510999
0.510999
1.27452
0
0
1.05335
0
0.571566
0
0.294073
0.510999
0.510999
0
0
0.0980117
1.27454
0
0
0
0.426245
0.510999
0
0.0357883
0
0.093231
0.211524
0.37469
0.510999
0.128504
0.44966
0.268992
0
0
0.836497
0.510999
0
0.40304
0.175111
0.41038
0
0.510999
0.22131
0
0.96214
0.510999
0.0693937
1.27453
0.591389
0
0.0540849
0.371411
0.510999
0.161342
0.510999
0
0.510999
0.410201
0.346496
0.0956598
0.682211
0.185269
0.217698
1.27453
0.277933
0.510999
0.510999
0.441177
0.510999
0
0
0.510999
0
0
0.510999
0.510999
1.27453
1.27451
0
0
0
0.211946
0.427549
0
0
0.510999
0
0
0.242961
0
0.0855686
0.510999
0
0.196323
0
1.02275
0.510999
0.344119
1.27453
0.194189
0.510999
0.787974
0.00526377
0.40185
0
0.229942
0
0.510999
0.651725
0
0.510999
0.173185
1.27453
0
0
0.510999
0.290645
0.510999
0.187759
0.510999
0.510999
0
0.145396
0
0.776984
0
0
0.510999
0.510999
0
0
0.510999
0.106418
0
0.510999
1.27453
0
0.636372
0.15416
0
0
1.27453
1.27453
0.510999
0.200551
0
0.725097
0.48342
0.182761
0.573275
0
0.217694
1.27453
0.510999
0
0.224121
0
0.943484
0
0
0.510999
0.510999
0
0.510999
0.510999
0.107013
1.27453
0.197526
0.510999
0.110334
0.510999
1.27453
0
0
1.0729
0.264809
0
0.546971
0.510999
0
0.510999
0.334861
0.256695
0.510999
0.103743
1.27453
0
0
0.510999
0.809443
0.510999
0.329878
1.27453
0
0.510999
0.0117057
0
0
0.510999
1.27453
0
0
0
0
0.510999
0
0
0
0.104251
0.510999
1.1068
0.510999
0.510999
0
0.121637
0
1.27448
0.510999
0
1.27453
0.2671
0
0
0.0564244
0.510999
0.277878
0.881384
0.272301
0
1.27453
0
0.510999
0.510999
0.0382236
0
0.124131
0.510999
0
0.226863
0.279543
0
0.369926
0.510999
0.336853
0.283565
0
0
0.510999
0.936328
0.0209125
0.176623
1.27453
0.653016
0
0
0
0.510999
0
0.926921
0
0.236889
0.265466
0.0093892
0.162243
0.0226861
0
0.510999
0
0.290255
0.510999
0.510999
1.27453
0.250668
0.510999
0
0.976051
0
0.132152
0
0.00506219
1.27453
0
0
0.510999
0.510999
0.338209
0.510999
0.190279
0
0
0.178797
0
0.192865
0.323195
0
0
0.510999
0.205433
0.0237463
0.0560158
0.510999
0.227937
0
0
0.144135
1.27453
0.0844948
0.510999
0
0.510999
0
0
0.510999
0.510999
0.430978
0.510999
0
0.378693
0
0.198595
0
0.510999
1.27453
0
0.510999
0.510999
0.0928914
0.0431408
0.232741
0.378117
0.383421
0.826439
0.21419
0.510999
0
0.308226
1.27453
0
0.510999
0
0.437527
0.0178951
0.348759
0.510999
0
1.27453
0.510999
0.510999
0
0.205077
0.304648
0.0548805
0
0.320981
0
0.106135
0
1.27453
0
0
0
0.175826
0
0.510999
0
0.510999
0
0
0
0.51241
0.510999
0
0
0.021402
0.316504
0.510999
0.238063
0.181166
0.510999
0.274384
0.0444831
0
0.62986
1.27453
0.196523
0
0
0
1.27453
0.510999
0.20656
0
0.510999
1.27453
0.503072
0.251875
0.408093
0
0.174105
0
0.221095
0.232411
0
0
0
0.510999
0.510999
1.27453
1.27451
0
0
0
0.211946
0.427549
0
0
0.510999
0
0
0.242961
0
0.0855686
0.510999
0
0.196323
0
1.02275
0.510999
0.344119
1.27453
0.194189
0.510999
0.787974
0.00526377
0.40185
0
0.229942
0
0.510999
0.651725
0
0.510999
0.173185
1.27453
0
0
0.510999
0.510999
0
1.27453
0.0218433
0.0796306
0
0.293245
0
0.510999
0.510999
1.27452
0
0
1.05335
0
0.571566
0
0.294073
0.510999
0.510999
0
0
0.0980117
1.27454
0
0
0
0.426245
0.510999
0
0.0357883
0
0.093231
0.211524
0.37469
0.510999
0.128504
0.44966
0.268992
0
0
0.836497
0.510999
0
0.40304
0.175111
0.41038
0
0.510999
0.22131
0
0.96214
0.510999
0.0693937
1.27453
0.591389
0
0.0540849
0.371411
0.510999
0.161342
0.510999
0
0.510999
0.410201
0.346496
0.0956598
0.682211
0.185269
0.217698
1.27453
0.277933
0.510999
0.510999
0.441177
0.510999
0
0
0.510999
0.510999
0.510999
1.27453
1.27451
0
0
0
0.211946
0.427549
0
0
0.510999
0
0
0.242961
0
0.0855686
0.510999
0
0.196323
0
1.02275
0.510999
0.344119
1.27453
0.194189
0.510999
0.787974
0.00526377
0.40185
0
0.229942
0
0.510999
0.651725
0
0.510999
0.173185
1.27453
0
0
0.510999
0.290645
0.510999
0.187759
0.510999
0.510999
0
0.145396
0
0.776984
0
0
0.510999
0.510999
0
0
0.510999
0.106418
0
0.510999
1.27453
0
0.636372
0.15416
0
0
1.27453
1.27453
0.510999
0.200551
0
0.725097
0.48342
0.182761
0.573275
0
0.217694
1.27453
0.510999
0
0.224121
0
0.943484
0
0
0.510999
0.510999
0
0.510999
0.510999
0.107013
1.27453
0.197526
0.510999
0.110334
0.510999
1.27453
0
0
1.0729
0.264809
0
0.546971
0.510999
0
0.510999
0.334861
0.256695
0.510999
0.103743
1.27453
0
0
0.510999
0.510999
0.329878
1.27453
0
0.510999
0.0117057
0
0
0.510999
1.27453
0
0
0
0
0.510999
0
0
0
0.104251
0.510999
1.1068
0.510999
0.510999
0
0.121637
0
1.27448
0.510999
0
1.27453
0.2671
0
0
0.0564244
0.510999
0.277878
0.881384
0.272301
0
1.27453
0
0.510999
0.510999
0.0382236
0
0.124131
0.510999
0
0.226863
0.279543
0
0.369926
0.510999
0.336853
0.283565
0
0
0.510999
0.936328
0.0209125
0.176623
1.27453
0.653016
0
0
0
0.510999
0
0.926921
0
0.236889
0.265466
0.0093892
0.162243
0.0226861
0
0.510999
0
0.290255
0.510999
0.510999
1.27453
0.250668
0.510999
0
0.976051
0
0.00506219
1.27453
0
0
0.510999
0.510999
0.338209
0.510999
0.190279
0
0
0.178797
0
0.192865
0.323195
0
0
0.510999
0.205433
0.0237463
0.0560158
0.510999
0.227937
0
0
0.144135
1.27453
0.0844948
0.510999
0
0.510999
0
0
0.510999
0.510999
0.430978
0.510999
0
0
0.198595
0
0.510999
1.27453
0
0.510999
0.510999
0.0928914
0.0431408
0.232741
0.378117
0.383421
0.826439
0.21419
0.510999
0
0.308226
1.27453
0
0.510999
0
0.437527
0.0178951
0.348759
0.510999
0
1.27453
0.510999
0.510999
0
0.205077
0.304648
0.0548805
0
0.320981
0
0.106135
0
1.27453
0
0
0
0.175826
0
0.510999
0
0
0
0
0.51241
0.510999
0
0
0.021402
0.316504
0.510999
0.238063
0.181166
0.510999
0.274384
0.0444831
0
0.62986
1.27453
0.196523
0
0
0
1.27453
0.510999
0.20656
0
0.510999
1.27453
0.503072
0.251875
0.408093
0
0.174105
0
0.221095
0.232411
0
0
0
0.290645
0.510999
0.187759
0.510999
0.510999
0
0.145396
0
0.776984
0
0
0.510999
0.510999
0
0
0.510999
0.106418
0
0.510999
1.27453
0
0.636372
0.15416
0
0
1.27453
1.27453
0.510999
0
0.510999
0.510999
0
1.27453
0.0218433
0.0796306
0
0.293245
0
0.510999
0.510999
1.27452
0
0
1.05335
0
0.571566
0
0.294073
0.510999
0.510999
0
0
0.0980117
1.27454
0
0
0
0.426245
0.510999
0
0.0357883
0
0.093231
0.211524
0.37469
0.510999
0.128504
0.44966
0.268992
0
0
0.836497
0.510999
0
0.40304
0.175111
0.41038
0
0.510999
0.22131
0
0.96214
0.510999
0.0693937
1.27453
0.591389
0
0.0540849
0.371411
0.510999
0.161342
0.510999
0
0.510999
0.410201
0.346496
0.0956598
0.682211
0.185269
0.217698
1.27453
0.277933
0.510999
0.510999
0.441177
0.510999
0
0
0.510999
0
0
0.510999
0.510999
1.27453
1.27451
0
0
0
0.211946
0.427549
0
0
0.510999
0
0
0.242961
0
0.0855686
0.510999
0
0.196323
0
1.02275
0.510999
0.344119
1.27453
0.194189
0.510999
0.787974
0.00526377
0.40185
0
0.229942
0
0.510999
0.651725
0
0.510999
0.173185
1.27453
0
0
0.290645
0.510999
0.187759
0.510999
0.510999
0
0.145396
0
0.776984
0
0
0.510999
0.510999
0
0
0.510999
0.106418
0
0.510999
1.27453
0
0.636372
0.15416
0
0
1.27453
1.27453
0.510999
0
0.510999
0.200551
0
0.725097
0.48342
0.182761
0.573275
0
0.217694
1.27453
0.510999
0
0.224121
0
0.943484
0
0
0.510999
0.510999
0
0.510999
0.510999
0.107013
1.27453
0.197526
0.510999
0.110334
0.510999
1.27453
0
0
1.0729
0.264809
0
0.546971
0.510999
0
0.510999
0.334861
0.256695
0.510999
0.103743
1.27453
0
0
0.510999
0.329878
1.27453
0
0.510999
0.0117057
0
0
0.510999
1.27453
0
0
0
0
0.510999
0
0
0
0.104251
0.510999
1.1068
0.510999
0.510999
0
0.121637
0
1.27448
0.510999
0
1.27453
0.2671
0
0
0.0564244
0.510999
0.277878
0.881384
0.272301
0
1.27453
0
0.510999
0.510999
0.0382236
0
0.124131
0.510999
0
0.226863
0.279543
0
0.369926
0.510999
0.336853
0.283565
0
0
0.510999
0.936328
0.0209125
0.176623
1.27453
0.653016
0
0
0
0.510999
0
0.926921
0
0.236889
0.265466
0.0093892
0.162243
0.0226861
0
0.510999
0
0.290255
0.510999
0.510999
1.27453
0.250668
0.510999
0
0
0.00506219
1.27453
0
0
0.510999
0.510999
0.338209
0.510999
0.190279
0
0
0.178797
0
0.192865
0.323195
0
0
0.510999
0.205433
0.0237463
0.0560158
0.510999
0.227937
0
0
0.144135
1.27453
0.0844948
0.510999
0
0.510999
0
0
0.510999
0.510999
0.430978
0.510999
0
0.378693
0
0.198595
0
0.510999
1.27453
0
0.510999
0.510999
0.0928914
0.0431408
0.232741
0.378117
0.383421
0.826439
0.21419
0.510999
0
0.308226
1.27453
0
0.510999
0
0.437527
0.0178951
0.348759
0.510999
0
1.27453
0.510999
0.510999
0
0.205077
0.304648
0.0548805
0
0.320981
0
0.106135
0
1.27453
0
0
0
0.175826
0
0.510999
0
0
0
0
0.51241
0.510999
0
0
0.021402
0.316504
0.510999
0.238063
0.181166
0.510999
0.274384
0.0444831
0
0.62986
1.27453
0.196523
0
0
0
1.27453
0.510999
0.20656
0
0.510999
1.27453
0.503072
0.251875
0.408093
0
0.174105
0
0.221095
0.232411
0
0.510999
0.200551
0
0.725097
0.48342
0.182761
0.573275
0
0.217694
1.27453
0.510999
0
0.224121
0
0.943484
0
0
0.510999
0.510999
0
0.510999
0.510999
0.107013
1.27453
0.197526
0.510999
0.110334
0.510999
1.27453
0
0
1.0729
0.264809
0
0.546971
0.510999
0
0.510999
0.334861
0.256695
0.510999
0.103743
1.27453
0
0
0.510999
0.510999
0
1.27453
0.0218433
0.0796306
0
0.293245
0
0.510999
0.510999
1.27452
0
0
1.05335
0
0.571566
0
0.294073
0.510999
0.510999
0
0
0.0980117
1.27454
0
0
0
0.426245
0.510999
0
0.0357883
0
0.093231
0.211524
0.37469
0.510999
0.128504
0.44966
0.268992
0
0
0.836497
0.510999
0
0.40304
0.175111
0.41038
0
0.510999
0.22131
0
0.96214
0.510999
0.0693937
1.27453
0.591389
0
0.0540849
0.371411
0.510999
0.161342
0.510999
0
0.510999
0.410201
0.346496
0.0956598
0.682211
0.185269
0.217698
1.27453
0.277933
0.510999
0.510999
0.441177
0.510999
0
0
0.510999
0
0
0.510999
0.510999
1.27453
1.27451
0
0
0
0.211946
0.427549
0
0
0.510999
0
0
0.242961
0
0.0855686
0.510999
0
0.196323
0
1.02275
0.510999
0.344119
1.27453
0.194189
0.510999
0.787974
0.00526377
0.40185
0
0.229942
0
0.510999
0.651725
0
0.510999
0.173185
1.27453
0
0
0.290645
0.510999
0.187759
0.510999
0.510999
0
0.145396
0
0.776984
0
0
0.510999
0.510999
0
0
0.510999
0.106418
0
0.510999
1.27453
0
0.636372
0.15416
0
0
1.27453
1.27453
0.510999
0.200551
0
0.725097
0.48342
0.182761
0.573275
0
0.217694
1.27453
0.510999
0
0.224121
0
0.943484
0
0
0.510999
0.510999
0
0.510999
0.510999
0.107013
1.27453
0.197526
0.510999
0.110334
0.510999
1.27453
0
0
1.0729
0.264809
0
0.546971
0.510999
0
0.510999
0.334861
0.256695
0.510999
0.103743
1.27453
0
0.510999
0.329878
1.27453
0
0.510999
0.0117057
0
0
0.510999
1.27453
0
0
0
0
0.510999
0
0
0
0.104251
0.510999
1.1068
0.510999
0.510999
0
0.121637
0
1.27448
0.510999
0
1.27453
0.2671
0
0
0.0564244
0.510999
0.277878
0.881384
0.272301
0
1.27453
0
0.510999
0.510999
0.0382236
0
0.124131
0.510999
0
0.226863
0.279543
0
0.369926
0.510999
0.336853
0.283565
0
0
0.510999
0.936328
0.0209125
0.176623
1.27453
0.653016
0
0
0
0.510999
0
0.926921
0
0.236889
0.265466
0.0093892
0.162243
0.0226861
0
0.510999
0
0.290255
0.510999
0.510999
1.27453
0.250668
0.510999
0
0.976051
0
0
0.00506219
1.27453
0
0
0.510999
0.510999
0.338209
0.510999
0.190279
0
0
0.178797
0
0.192865
0.323195
0
0
0.510999
0.205433
0.0237463
0.0560158
0.510999
0.227937
0
0
0.144135
1.27453
0.0844948
0.510999
0
0.510999
0
0
0.510999
0.510999
0.430978
0.510999
0
0
0.198595
0
0.510999
1.27453
0
0.510999
0.510999
0.0928914
0.0431408
0.232741
0.378117
0.383421
0.826439
0.21419
0.510999
0
0.308226
1.27453
0
0.510999
0
0.437527
0.0178951
0.348759
0.510999
0
1.27453
0.510999
0.510999
0
0.205077
0.304648
0.0548805
0
0.320981
0
0.106135
0
1.27453
0
0
0
0.175826
0
0.510999
0
0
0
0
0.51241
0.510999
0
0
0.021402
0.316504
0.510999
0.238063
0.181166
0.510999
0.274384
0.0444831
0
0.62986
1.27453
0.196523
0
0
0
1.27453
0.510999
0.20656
0
0.510999
1.27453
0.503072
0.251875
0.408093
0
0.174105
0
0.221095
0.232411
0
0
0
0.510999
0.329878
1.27453
0
0.510999
0.0117057
0
0
0.510999
1.27453
0
0
0
0
0.510999
0
0
0
0.104251
0.510999
1.1068
0.510999
0.510999
0
0.121637
0
1.27448
0.510999
0
1.27453
0.2671
0
0
0.0564244
0.510999
0.277878
0.881384
0.272301
0
1.27453
0
0.510999
0.510999
0.510999
0.510999
0
1.27453
0.0218433
0.0796306
0
0.293245
0
0.510999
0.510999
1.27452
0
0
1.05335
0
0.571566
0
0.294073
0.510999
0.510999
0
0
0.0980117
1.27454
0
0
0
0.426245
0.510999
0
0.0357883
0
0.093231
0.211524
0.37469
0.510999
0.128504
0.44966
0.327719
0.268992
0
0
0.836497
0.510999
0
0.40304
0.175111
0.41038
0
0.510999
0.22131
0
0.96214
0.510999
0.0693937
1.27453
0.591389
0
0.0540849
0.371411
0.510999
0.161342
0.510999
0
0.510999
0.410201
0.346496
0.0956598
0.682211
0.185269
0.217698
1.27453
0.277933
0.510999
0.510999
0.441177
0.510999
0
0
0.510999
0
0
0.510999
0.510999
1.27453
1.27451
0
0
0
0.211946
0.427549
0
0
0.510999
0
0
0.242961
0
0.0855686
0.510999
0
0.196323
0
1.02275
0.510999
0.344119
1.27453
0.194189
0.510999
0.787974
0.00526377
0.40185
0
0.229942
0
0.510999
0.651725
0
0.510999
0.173185
1.27453
0
0
0.510999
0.290645
0.510999
0.187759
0.510999
0.510999
0
0.145396
0
0.776984
0
0
0.510999
0.510999
0
0
0.510999
0.106418
0
0.510999
1.27453
0
0.636372
0.15416
0
0
1.27453
1.27453
0.510999
0
0.510999
0.200551
0
0.725097
0.48342
0.182761
0.573275
0
0.217694
1.27453
0.510999
0
0.224121
0
0.943484
0
0
0.510999
0.510999
0
0.510999
0.510999
0.107013
1.27453
0.197526
0.510999
0.110334
0.510999
1.27453
0
0
1.0729
0.264809
0
0.546971
0.510999
0
0.510999
0.334861
0.256695
0.510999
0.103743
1.27453
0
0
0.510999
0.329878
1.27453
0
0.510999
0.0117057
0
0
0.510999
1.27453
0
0
0
0
0.510999
0
0
0
0.104251
0.510999
1.1068
0.510999
0.510999
0
0.121637
0
1.27448
0.510999
0
1.27453
0.2671
0
0
0.0564244
0.510999
0.277878
0.881384
0.272301
0
1.27453
0
0.510999
0.510999
0.0382236
0
0.124131
0.510999
0
0.226863
0.279543
0
0.369926
0.510999
0.336853
0.283565
0
0
0.510999
0.936328
0.0209125
0.176623
1.27453
0.653016
0
0
0
0.510999
0
0.926921
0
0.236889
0.265466
0.0093892
0.162243
0.0226861
0
0.510999
0
0.290255
0.510999
0.510999
1.27453
0.250668
0.510999
0
0.976051
0
0
0.00506219
1.27453
0
0
0.510999
0.510999
0.338209
0.510999
0.190279
0
0
0.178797
0
0.192865
0.323195
0
0
0.510999
0.205433
0.0237463
0.0560158
0.510999
0.227937
0
0
0.144135
1.27453
0.0844948
0.510999
0
0.510999
0
0
0.510999
0.510999
0.430978
0.510999
0
0
0.198595
0
0.510999
1.27453
0
0.510999
0.510999
0.0928914
0.0431408
0.232741
0.378117
0.383421
0.826439
0.21419
0.510999
0
0.308226
1.27453
0
0.510999
0
0.437527
0.0178951
0.348759
0.510999
0
1.27453
0.510999
0.510999
0
0.205077
0.304648
0.0548805
0
0.320981
0
0.106135
0
1.27453
0
0
0
0.175826
0
0.510999
0
0
0
0
0.51241
0.510999
0
0
0.021402
0.316504
0.510999
0.238063
0.181166
0.510999
0.274384
0.0444831
0
0.62986
1.27453
0.196523
0
0
0
1.27453
0.510999
0.20656
0
0.510999
1.27453
0.503072
0.251875
0.408093
0
0.174105
0
0.221095
0.232411
0
0.0382236
0
0.124131
0.510999
0
0.226863
0.279543
0
0.369926
0.510999
0.336853
0.283565
0
0
0.510999
0.936328
0.0209125
0.176623
1.27453
0.653016
0
0
0
0.510999
0
0.926921
0
0.236889
0.265466
0.0093892
0.162243
0.0226861
0
0.510999
0
0.290255
0.510999
0.510999
1.27453
0.250668
0.510999
0
0.976051
0.510999
0.510999
0
1.27453
0.0218433
0.0796306
0
0.293245
0
0.510999
0.510999
1.27452
0
0
1.05335
0
0.571566
0
0.294073
0.510999
0.510999
0
0
0.0980117
1.27454
0
0
0
0.426245
0.510999
0
0.0357883
0
0.093231
0.211524
0.37469
0.510999
0.128504
0.44966
0.268992
0
0
0.836497
0.510999
0
0.40304
0.175111
0.41038
0
0.510999
0.22131
0
0.96214
0.510999
0.0693937
1.27453
0.591389
0
0.0540849
0.371411
0.510999
0.161342
0.510999
0
0.510999
0.410201
0.346496
0.0956598
0.682211
0.185269
0.217698
1.27453
0.277933
0.510999
0.510999
0.441177
0.510999
0
0
0.510999
0
0
0.510999
0.510999
1.27453
1.27451
0
0
0
0.211946
0.427549
0
0
0.510999
0
0
0.242961
0
0.0855686
0.510999
0
0.196323
0
1.02275
0.510999
0.344119
1.27453
0.194189
0.510999
0.787974
0.00526377
0.40185
0
0.229942
0
0.510999
0.651725
0
0.510999
0.173185
1.27453
0
0
0.290645
0.510999
0.187759
0.510999
0.510999
0
0.145396
0
0.776984
0
0
0.510999
0.510999
0
0
0.510999
0.106418
0
0.510999
1.27453
0
0.636372
0.15416
0
0
1.27453
1.27453
0.510999
0
0.510999
0.200551
0
0.725097
0.48342
0.182761
0.573275
0
0.217694
1.27453
0.510999
0
0.224121
0
0.943484
0
0
0.510999
0.510999
0
0.510999
0.510999
0.107013
1.27453
0.197526
0.510999
0.110334
0.510999
1.27453
0
0
1.0729
0.264809
0
0.546971
0.510999
0
0.510999
0.334861
0.256695
0.510999
0.103743
1.27453
0
0
0.510999
0.329878
1.27453
0
0.510999
0.0117057
0
0
0.510999
1.27453
0
0
0
0
0.510999
0
0
0
0.104251
0.510999
1.1068
0.510999
0.510999
0
0.121637
0
1.27448
0.510999
0
1.27453
0.2671
0
0
0.0564244
0.510999
0.277878
0.881384
0.272301
0
1.27453
0
0.510999
0.510999
0.0382236
0
0.124131
0.510999
0
0.226863
0.279543
0
0.369926
0.510999
0.336853
0.283565
0
0
0.510999
0.936328
0.0209125
0.176623
1.27453
0.653016
0
0
0
0.510999
0
0.926921
0
0.236889
0.265466
0.0093892
0.162243
0.0226861
0
0.510999
0
0.290255
0.510999
0.510999
1.27453
0.250668
0.510999
0
0
0.00506219
1.27453
0
0
0.510999
0.510999
0.338209
0.510999
0.190279
0
0
0.178797
0
0.192865
0.323195
0
0
0.510999
0.205433
0.0237463
0.0560158
0.510999
0.227937
0
0
0.144135
1.27453
0.0844948
0.510999
0
0.510999
0
0
0.510999
0.510999
0.430978
0.510999
0
0
0.198595
0
0.510999
1.27453
0
0.510999
0.510999
0.0928914
0.0431408
0.232741
0.378117
0.383421
0.826439
0.21419
0.510999
0
0.308226
1.27453
0
0.510999
0
0.437527
0.0178951
0.348759
0.510999
0
1.27453
0.510999
0.510999
0
0.205077
0.304648
0.0548805
0
0.320981
0
0.106135
0
1.27453
0
0
0
0.175826
0
0.510999
0
0.510999
0
0
0
0.51241
0.510999
0
0
0.021402
0.316504
0.510999
0.238063
0.181166
0.510999
0.274384
0.0444831
0
0.62986
1.27453
0.196523
0
0
0
1.27453
0.510999
0.20656
0
0.510999
1.27453
0.503072
0.251875
0.408093
0
0.174105
0
0.221095
0.232411
0
0
0.00506219
1.27453
0
0
0.510999
0.510999
0.338209
0.510999
0.190279
0
0
0.178797
0
0.192865
0.323195
0
0
0.510999
0.205433
0.0237463
0.0560158
0.510999
0.227937
0
0
0.144135
1.27453
0.0844948
0.510999
0
0.510999
0
0
0.510999
0.510999
0.430978
0.510999
0
0.510999
0.510999
0
1.27453
0.0218433
0.0796306
0
0.293245
0
0.510999
0.510999
1.27452
0
0
1.05335
0
0.571566
0
0.294073
0.510999
0.510999
0
0
0.0980117
1.27454
0
0
0
0.426245
0.510999
0
0.0357883
0
0.093231
0.211524
0.37469
0.510999
0.128504
0.44966
0.327719
1.27453
0.268992
0
0
0.836497
0.510999
0
0.40304
0.175111
0.41038
0
0.510999
0.22131
0
0.96214
0.510999
0.0693937
1.27453
0.591389
0
0.0540849
0.371411
0.510999
0.161342
0.510999
0
0.510999
0.410201
0.346496
0.0956598
0.682211
0.185269
0.217698
1.27453
0.277933
0.510999
0.510999
0.441177
0.510999
0
0
0.510999
0
0
0.510999
0.510999
1.27453
1.27451
0
0
0
0.211946
0.427549
0
0
0.510999
0
0
0.242961
0
0.0855686
0.510999
0
0.196323
0
1.02275
0.510999
0.344119
1.27453
0.194189
0.510999
0.787974
0.00526377
0.40185
0
0.229942
0
0.510999
0.651725
0
0.510999
0.173185
1.27453
0
0
0.290645
0.510999
0.187759
0.510999
0.510999
0
0.145396
0
0.776984
0
0
0.510999
0.510999
0
0
0.510999
0.106418
0
0.510999
1.27453
0
0.636372
0.15416
0
0
1.27453
1.27453
0.510999
0
0.510999
0.200551
0
0.725097
0.48342
0.182761
0.573275
0
0.217694
1.27453
0.510999
0
0.224121
0
0.943484
0
0
0.510999
0.510999
0
0.510999
0.510999
0.107013
1.27453
0.197526
0.510999
0.110334
0.510999
1.27453
0
0
1.0729
0.264809
0
0.546971
0.510999
0
0.510999
0.334861
0.256695
0.510999
0.103743
1.27453
0
0.510999
0.329878
1.27453
0
0.510999
0.0117057
0
0
0.510999
1.27453
0
0
0
0
0.510999
0
0
0
0.104251
0.510999
1.1068
0.510999
0.510999
0
0.121637
0
1.27448
0.510999
0
1.27453
0.2671
0
0
0.0564244
0.510999
0.277878
0.881384
0.272301
0
1.27453
0
0.510999
0.510999
0.0382236
0
0.124131
0.510999
0
0.226863
0.279543
0
0.369926
0.510999
0.336853
0.283565
0
0
0.510999
0.936328
0.0209125
0.176623
1.27453
0.653016
0
0
0
0.510999
0
0.926921
0
0.236889
0.265466
0.0093892
0.162243
0.0226861
0
0.510999
0
0.290255
0.510999
0.510999
1.27453
0.250668
0.510999
0
0.00506219
1.27453
0
0
0.510999
0.510999
0.338209
0.510999
0.190279
0
0
0.178797
0
0.192865
0.323195
0
0
0.510999
0.205433
0.0237463
0.0560158
0.510999
0.227937
0
0
0.144135
1.27453
0.0844948
0.510999
0
0.510999
0
0
0.510999
0.510999
0.430978
0.510999
0
0
0.198595
0
0.510999
1.27453
0
0.510999
0.510999
0.0928914
0.0431408
0.232741
0.378117
0.383421
0.826439
0.21419
0.510999
0
0.308226
1.27453
0
0.510999
0
0.437527
0.0178951
0.348759
0.510999
0
1.27453
0.510999
0.510999
0
0.205077
0.304648
0.0548805
0
0.320981
0
0.106135
0
1.27453
0
0
0
0.175826
0
0.510999
0
0
0
0
0.51241
0.510999
0
0
0.021402
0.316504
0.510999
0.238063
0.181166
0.510999
0.274384
0.0444831
0
0.62986
1.27453
0.196523
0
0
0
1.27453
0.510999
0.20656
0
0.510999
1.27453
0.503072
0.251875
0.408093
0
0.174105
0
0.221095
0.232411
0
0
0
0
0.198595
0
0.510999
1.27453
0
0.510999
0.510999
0.0928914
0.0431408
0.232741
0.378117
0.383421
0.826439
0.21419
0.510999
0
0.308226
1.27453
0
0.510999
0
0.437527
0.0178951
0.348759
0.510999
0
1.27453
0.510999
0.510999
0
0.205077
0.304648
0.0548805
0
0.320981
0
0.106135
0
1.27453
0
0
0
0.175826
0
0.510999
0
0.510999
0.510999
0
1.27453
0.0218433
0.0796306
0
0.293245
0
0.510999
0.510999
1.27452
0
0
1.05335
0
0.571566
0
0.294073
0.510999
0.510999
0
0
0.0980117
1.27454
0
0
0
0.426245
0.510999
0
0.0357883
0
0.093231
0.211524
0.37469
0.510999
0.128504
0.44966
0.327719
1.27453
0.268992
0
0
0.836497
0.510999
0
0.40304
0.175111
0.41038
0
0.510999
0.22131
0
0.96214
0.510999
0.0693937
1.27453
0.591389
0
0.0540849
0.371411
0.510999
0.161342
0.510999
0
0.510999
0.410201
0.346496
0.0956598
0.682211
0.185269
0.217698
1.27453
0.277933
0.510999
0.510999
0.441177
0.510999
0
0
0.510999
0.510999
0.510999
1.27453
1.27451
0
0
0
0.211946
0.427549
0
0
0.510999
0
0
0.242961
0
0.0855686
0.510999
0
0.196323
0
1.02275
0.510999
0.344119
1.27453
0.194189
0.510999
0.787974
0.00526377
0.40185
0
0.229942
0
0.510999
0.651725
0
0.510999
0.173185
1.27453
0
0
0.510999
0.510999
0.290645
0.510999
0.187759
0.510999
0.510999
0
0.145396
0
0.776984
0
0
0.510999
0.510999
0
0
0.510999
0.106418
0
0.510999
1.27453
0
0.636372
0.15416
0
0
1.27453
1.27453
0.510999
0
0.510999
0.510999
0.200551
0
0.725097
0.48342
0.182761
0.573275
0
0.217694
1.27453
0.510999
0
0.224121
0
0.943484
0
0
0.510999
0.510999
0
0.510999
0.510999
0.107013
1.27453
0.197526
0.510999
0.110334
0.510999
1.27453
0
0
1.0729
0.264809
0
0.546971
0.510999
0
0.510999
0.334861
0.256695
0.510999
0.103743
1.27453
0
0
0.510999
0.510999
0.329878
1.27453
0
0.510999
0.0117057
0
0
0.510999
1.27453
0
0
0
0
0.510999
0
0
0
0.104251
0.510999
1.1068
0.510999
0.510999
0
0.121637
0
1.27448
0.510999
0
1.27453
0.2671
0
0
0.0564244
0.510999
0.277878
0.881384
0.272301
0
1.27453
0
0.510999
0.510999
0.0382236
0
0.124131
0.510999
0
0.226863
0.279543
0
0.369926
0.510999
0.336853
0.283565
0
0
0.510999
0.936328
0.0209125
0.176623
1.27453
0.653016
0
0
0
0.510999
0
0.926921
0
0.236889
0.265466
0.0093892
0.162243
0.0226861
0
0.510999
0
0.290255
0.510999
0.510999
1.27453
0.250668
0.510999
0
0.00506219
1.27453
0
0
0.510999
0.510999
0.338209
0.510999
0.190279
0
0
0.178797
0
0.192865
0.323195
0
0
0.510999
0.205433
0.0237463
0.0560158
0.510999
0.227937
0
0
0.144135
1.27453
0.0844948
0.510999
0
0.510999
0
0
0.510999
0.510999
0.430978
0.510999
0
0
0.198595
0
0.510999
1.27453
0
0.510999
0.510999
0.0928914
0.0431408
0.232741
0.378117
0.383421
0.826439
0.21419
0.510999
0
0.308226
1.27453
0
0.510999
0
0.437527
0.0178951
0.348759
0.510999
0
1.27453
0.510999
0.510999
0
0.205077
0.304648
0.0548805
0
0.320981
0
0.106135
0
1.27453
0
0
0
0.175826
0
0.510999
0
0
0
0
0.51241
0.510999
0
0
0.021402
0.316504
0.510999
0.238063
0.181166
0.510999
0.274384
0.0444831
0
0.62986
1.27453
0.196523
0
0
0
1.27453
0.510999
0.20656
0
0.510999
1.27453
0.503072
0.251875
0.408093
0
0.174105
0
0.221095
0.232411
0
0
0
0
0
0
0.51241
0.510999
0
0
0.021402
0.316504
0.510999
0.238063
0.181166
0.510999
0.274384
0.0444831
0
0.62986
1.27453
0.196523
0
0
0
1.27453
0.510999
0.20656
0
0.510999
1.27453
0.503072
0.251875
0.408093
0
0.174105
0
0.221095
0.232411
0
