0.510999
0
0.219421
0.313536
0
0
1.27453
0.510999
0.30983
0.205435
0.510999
0
0
0
0.442611
0.510999
0.510999
0.111652
0
0.36121
0
0.510999
0.626779
1.27454
0.510999
0.165829
0.510999
0.301678
1.33439
0
0.510999
0.352186
0
0.89984
0
0
0.82487
0
1.27453
0.510999
0
0.219421
0.313536
0
0
1.27453
0.510999
0.30983
0.205435
0.510999
0
0
0
0.442611
0.510999
0.510999
0.111652
0
0.36121
0
0.510999
0.626779
1.27454
0.510999
0.165829
0.510999
0.301678
1.33439
0
0.510999
0.352186
0
0.89984
0
0
0.82487
0
1.27453
0.510999
0.510999
0.148922
0.510999
0.510999
0.438033
0.359854
0.308833
0.86415
0.510999
0.510999
0
0
0
0.167013
0.179863
0.510999
1.66413
0.856453
0.510999
0
0
0.00691694
0.928035
0.510999
0.138342
0.510999
0.0240397
0.510999
0.510999
0
0
0.510999
0.216683
0
0.222137
0.192846
0
0
1.29441
0
0.344954
0.23275
0.761525
0.510999
0
0
0.510999
0.697737
0.981028
0
0
0.510999
0.510999
0.510999
0.510999
0.272879
0.331931
0.510999
0.137463
0.510999
0.251794
0.0116024
0.16688
0
0
0.510999
0
0.195235
0.510999
0.0131358
1.27453
0.115935
0.23409
0
0
0
0.510999
0.510999
0
0
0.510999
0.510999
0
0.510999
0.306494
0.510999
0.118654
0.315329
0
0
0.312301
0.305079
0
0
1.27453
0
0.510999
1.02526
0.770798
0.510999
0
0.108178
0
0.216726
0.133569
0.510999
0
0.457065
0.510999
0.510999
0.510999
0.510999
0
0.510999
0
0
0
0
0
0.0754229
0.239094
0
0
0.510999
0
0
1.27453
1.27453
0.12088
0.510999
0
0.510999
0.510999
0
0.326943
0.505136
0.00881652
0.466421
0
0.510999
0.344792
0.0186932
1.04775
0
0.286878
0.510999
0
0.256465
0
0.510999
0
0
0
0
0.510999
0.313473
0.510999
0.510999
0.23067
1.27453
0.943368
0.201633
0.24619
0.129716
0
1.27453
0.0648408
0.510999
1.27453
1.27453
1.04689
0.510999
0.510999
0.510999
0
0
0.380734
0
0
0.831733
0
0
0.340719
0
0.183203
0
0
0
0
0.510999
0
0
1.27453
0.510999
0.510999
0
0.510999
0
0
0
0
0.196387
0.510999
0.510999
0
0.0173036
1.27453
0
0
0.240684
0.013236
0.0606513
1.27453
1.27453
0
0
0
0
0.763531
0
0
0
1.27453
0.510999
0.121535
0
0
0
0.510999
0.510999
0
0.00189528
0.227434
0
0.0804416
0
0.510999
0
0.510999
0
0.146028
0.510999
0.135654
0
0.510999
0
0.229355
0.627129
0.263962
0.510999
0.0634438
0
0.333631
0.510999
0.103408
1.27453
0.410509
0
0.510999
0.510999
0
0
0.510999
0.510999
0
0
0
0
0
0
0
1.27453
0
0.522629
0.663034
0.510999
0.116109
0
0
0
0
0
0.296999
0.24765
0
0
0.205068
0
0
0.176848
0
0.510999
0
0
0.426504
0.245426
1.27453
0
0.113059
0
0.510999
0
0.510999
0.774593
0
0.30805
0.399272
0.510999
0
0
0
0
0.173822
0
0
0
0.127578
0.448091
0
0.510999
0
0.510999
0
0
0
0.00273093
0.510999
0.510999
0.488075
0.241602
0.510999
0.925772
0
0
0.148419
0.510999
0.510999
0
0.510999
0.510999
0.182706
0
0.247431
0
1.27453
0
0.400756
0.510999
0.510999
0
0.510999
0.510999
0.510999
0.505995
0.462307
0
0
0.510999
1.27453
1.27453
0
0.964934
0.510999
0.326952
0
0
0
0.329833
0.510999
0.119655
0.510999
0.898947
0
0
0.254184
0
0.510999
0
0
0.438443
0.510999
0.510999
0.273192
0
0
0
0
0.510999
0.00995914
0.510999
1.27453
0.0558936
0.510999
0.510999
0.0633977
0.202877
1.27453
0.510999
0.510999
0.52728
0.510999
0.510999
0.510999
0.510999
0.510999
0
0
1.27453
0
0
0
0.134155
0.254506
0.174768
0.21221
0.510999
0.148922
0.510999
0.510999
0.438033
0.359854
0.308833
0.86415
0.510999
0.510999
0
0
0
0.167013
0.179863
0.510999
1.66413
0.856453
0.510999
0
0
0.00691694
0.928035
0.510999
0.138342
0.510999
0.0240397
0.510999
0.510999
0
0
0.510999
0.216683
0
0.222137
0.192846
0
0.510999
0
0.219421
0.313536
0
0
1.27453
0.510999
0.30983
0.205435
0.510999
0
0
0
0.442611
0.510999
0.510999
0.111652
0
0.36121
0
0.510999
0.626779
1.27454
0.510999
0.165829
0.510999
0.301678
1.33439
0
0.510999
0.352186
0
0.89984
0
0
0.82487
0
1.27453
0.510999
0.483035
0.510999
0.148922
0.510999
0.510999
0.438033
0.359854
0.308833
0.86415
0.510999
0.510999
0
0
0
0.167013
0.179863
0.510999
1.66413
0.856453
0.510999
0
0
0.00691694
0.928035
0.510999
0.138342
0.510999
0.0240397
0.510999
0.510999
0
0
0.510999
0.216683
0
0.222137
0.192846
0
0
1.29441
0
0.344954
0.23275
0.761525
0.510999
0
0
0.510999
0.697737
0.981028
0
0
0.510999
0.510999
0.510999
0.510999
0.272879
0.331931
0.510999
0.137463
0.510999
0.251794
0.0116024
0.16688
0
0
0.510999
0
0.195235
0.510999
0.0131358
1.27453
0.115935
0.23409
0
0
0
0.510999
0.510999
0
0
0.510999
0.510999
0
0.510999
0.306494
0.510999
0.118654
0.315329
0
0
0.312301
0.305079
0
0
1.27453
0
0.510999
1.02526
0.770798
0.510999
0
0.108178
0
0.216726
0.133569
0.510999
0
0.457065
0.510999
0.510999
0.510999
0.510999
0
0.510999
0
0
0
0
0
0.0754229
0.239094
0
0
0.510999
0
0
1.27453
0.510999
0
0.510999
0.510999
0
0.326943
0.505136
0.00881652
0.466421
0
0.510999
0.344792
0.0186932
1.04775
0
0.286878
0.510999
0
0.256465
0
0.510999
0
0
0
0
0.510999
0.313473
0.510999
0.510999
0.23067
1.27453
0.943368
0.201633
0.24619
0.129716
0
1.27453
0.0648408
0.510999
1.27453
1.27453
1.04689
0.510999
0.510999
0.510999
0
0
0.380734
0
0
0.831733
0
0
0.340719
0
0.183203
0
0
0
0
0.510999
0
0
1.27453
0.510999
0.510999
0
0.510999
0
0
0
0
0.196387
0.510999
0.510999
0
0.0173036
1.27453
0
0
0.240684
0.013236
0.0606513
1.27453
1.27453
0
0
0
0
0
0
0.763531
0
0
0
1.27453
0.510999
0.121535
0
0
0
0.510999
0.510999
0
0.00189528
0.227434
0
0.0804416
0
0.510999
0
0.510999
0
0.146028
0.510999
0.135654
0
0.510999
0
0.229355
0.627129
0.263962
0.510999
0.0634438
0
0.333631
0.510999
0.103408
1.27453
0.410509
0
0.510999
0.510999
0
0.576614
0
0
0
0
0.510999
0.510999
0
0
0
0
0
0
0
1.27453
0
0.522629
0.663034
0.510999
0.116109
0
0
0
0
0
0.296999
0.24765
0
0
0.205068
0
0
0.176848
0
0.510999
0
0
0.426504
0.245426
1.27453
0
0.113059
0
0.510999
0
0.510999
0.774593
0
0.30805
0.399272
0.510999
0
0
0
0
0.173822
0
0
0
0.127578
0.448091
0
0.510999
0
0.510999
0
0
0
0.00273093
0.510999
0.510999
0.488075
0.241602
0.510999
0.925772
0
0
0.148419
0.510999
0.510999
0
0.510999
0.510999
0.182706
0
0.247431
0
1.27453
0
0.400756
0.510999
0.510999
0
0.510999
0.510999
0.510999
0.505995
0.462307
0
0
0.510999
1.27453
1.27453
0
0.964934
0.510999
0.326952
0
0
0
0.329833
0.510999
0.119655
0.510999
0.898947
0
0
0.254184
0
0.510999
0
0
0.438443
0.510999
0.510999
0.273192
0
0
0
0
0.510999
0.00995914
0.510999
1.27453
0.0558936
0.510999
0.510999
0.0633977
0.202877
1.27453
0.510999
0.510999
0.52728
0.510999
0.510999
0.510999
0.510999
0.510999
0
0
1.27453
0
0
0
0.134155
0.254506
0.174768
0.21221
0
0.344954
0.23275
0.761525
0.510999
0
0
0.510999
0.697737
0.981028
0
0
0.510999
0.510999
0.510999
0.510999
0.272879
0.331931
0.510999
0.137463
0.510999
0.251794
0.0116024
0.16688
0
0
0.510999
0
0.195235
0.510999
0.0131358
1.27453
0.115935
0.23409
0
0
0
0.510999
0.510999
0
0.219421
0.313536
0
0
1.27453
0.510999
0.30983
0.205435
0.510999
0
0
0
0.442611
0.510999
0.510999
0.111652
0
0.36121
0
0.510999
0.626779
1.27454
0.510999
0.165829
0.510999
0.301678
1.33439
0
0.510999
0.352186
0
0.89984
0
0
0.82487
0
0.510999
0.148922
0.510999
0.510999
0.438033
0.359854
0.308833
0.86415
0.510999
0.510999
0
0
0
0.167013
0.179863
0.510999
1.66413
0.856453
0.510999
0
0
0.00691694
0.928035
0.510999
0.138342
0.510999
0.0240397
0.510999
0.510999
0
0
0.510999
0.216683
0
0.222137
0.192846
0
0
0.344954
0.23275
0.761525
0.510999
0
0
0.510999
0.697737
0.981028
0
0
0.510999
0.510999
0.510999
0.510999
0.272879
0.331931
0.510999
0.137463
0.510999
0.251794
0.0116024
0.16688
0
0
0.510999
0
0.195235
0.510999
0.0131358
1.27453
0.115935
0.23409
0
0
0
0.510999
0.510999
0.510999
0
0
0.510999
0.510999
0
0.510999
0.306494
0.510999
0.118654
0.315329
0
0
0.312301
0.305079
0
0
1.27453
0
0.510999
1.02526
0.770798
0.510999
0
0.108178
0
0.216726
0.133569
0.510999
0
0.457065
0.510999
0.510999
0.510999
0.510999
0
0.510999
0
0
0
0
0
0.0754229
0.239094
0
0
0.510999
0
0
1.27453
1.27453
0.12088
0.510999
0
0.510999
0.510999
0
0.326943
0.505136
0.00881652
0.466421
0
0.510999
0.344792
0.0186932
1.04775
0
0.286878
0.510999
0
0.256465
0
0.510999
0
0
0
0
0.510999
0.313473
0.510999
0.510999
0.23067
1.27453
0.943368
0.201633
0.24619
0.129716
0
1.27453
0.0648408
0.510999
1.27453
1.27453
1.04689
0.510999
0.510999
0.510999
0
0.380734
0
0
0.831733
0
0
0.340719
0
0.183203
0
0
0
0
0.510999
0
0
1.27453
0.510999
0.510999
0
0.510999
0
0
0
0
0.196387
0.510999
0.510999
0
0.0173036
1.27453
0
0
0.240684
0.013236
0.0606513
0
0
0
0.763531
0
0
0
1.27453
0.510999
0.121535
0
0
0
0.510999
0.510999
0
0.00189528
0.227434
0
0.0804416
0
0.510999
0
0.510999
0
0.146028
0.510999
0.135654
0
0.510999
0
0.229355
0.627129
0.263962
0.510999
0.0634438
0
0.333631
0.510999
0.103408
1.27453
0.410509
0
0.510999
0.510999
0
0
0.510999
0.510999
0
0
0
0
0
0
0
1.27453
0
0.522629
0.663034
0.510999
0.116109
0
0
0
0
0
0.296999
0.24765
0
0
0.205068
0
0
0.176848
0
0.510999
0
0
0.426504
0.245426
1.27453
0
0.113059
0
0.510999
0
0.510999
0.774593
0
0.30805
0.399272
0.510999
0
0
0
0
0.173822
0
0
0
0.127578
0.448091
0
0.510999
0
0.510999
0
0
0
0.00273093
0.510999
0.510999
0.488075
0.241602
0.510999
0.925772
0
0
0.148419
0.510999
0.510999
0
0.510999
0.510999
0.182706
0
0.247431
0
1.27453
0
0.400756
0.510999
0.510999
0
0.510999
0.510999
0.510999
0.505995
0
0
0.510999
1.27453
1.27453
0
0.964934
0.510999
0.326952
0
0
0
0.329833
0.510999
0.119655
0.510999
0.898947
0
0
0.254184
0
0.510999
0
0
0.438443
0.510999
0.510999
0.273192
0
0
0
0
0.510999
0.00995914
0.510999
1.27453
0.0558936
0.510999
0.510999
0.0633977
0.202877
1.27453
0.510999
0.510999
0.52728
0.510999
0.510999
0.510999
0.510999
0.510999
0
0
1.27453
0
0
0
0.134155
0.254506
0.174768
0.21221
0.240285
0.510999
0
0
0.510999
0.510999
0
0.510999
0.306494
0.510999
0.118654
0.315329
0
0
0.312301
0.305079
0
0
1.27453
0
0.510999
1.02526
0.770798
0.510999
0
0.108178
0
0.216726
0.133569
0.510999
0
0.457065
0.510999
0.510999
0.510999
0.510999
0
0.510999
0
0
0
0
0
0.0754229
0.239094
0
0
0.510999
0
0
1.27453
1.27453
0.12088
0.510999
0
0.219421
0.313536
0
0
1.27453
0.510999
0.30983
0.205435
0.510999
0
0
0
0.442611
0.510999
0.510999
0.111652
0
0.36121
0
0.510999
0.626779
1.27454
0.510999
0.165829
0.510999
0.301678
1.33439
0
0.510999
0.352186
0
0.89984
0
0
0.82487
0
1.27453
0.510999
0.510999
0.148922
0.510999
0.510999
0.438033
0.359854
0.308833
0.86415
0.510999
0.510999
0
0
0
0.167013
0.179863
0.510999
1.66413
0.856453
0.510999
0
0
0.00691694
0.928035
0.510999
0.138342
0.510999
0.0240397
0.510999
0.510999
0
0
0.510999
0.216683
0
0.222137
0.192846
0
0
1.29441
0
0.344954
0.23275
0.761525
0.510999
0
0
0.510999
0.697737
0.981028
0
0
0.510999
0.510999
0.510999
0.510999
0.272879
0.331931
0.510999
0.137463
0.510999
0.251794
0.0116024
0.16688
0
0
0.510999
0
0.195235
0.510999
0.0131358
1.27453
0.115935
0.23409
0
0
0
0.510999
0.510999
0
0
0.510999
0.510999
0
0.510999
0.306494
0.510999
0.118654
0.315329
0
0
0.312301
0.305079
0
0
1.27453
0
0.510999
1.02526
0.770798
0.510999
0
0.108178
0
0.216726
0.133569
0.510999
0
0.457065
0.510999
0.510999
0.510999
0.510999
0
0.510999
0
0
0
0
0
0.0754229
0.239094
0
0
0.510999
0
0
1.27453
1.27453
0.12088
0
0.510999
0
0.510999
0.510999
0
0.326943
0.505136
0.00881652
0.466421
0
0.510999
0.344792
0.0186932
1.04775
0
0.286878
0.510999
0
0.256465
0
0.510999
0
0
0
0
0.510999
0.313473
0.510999
0.510999
0.23067
1.27453
0.943368
0.201633
0.24619
0.129716
0
1.27453
0.0648408
0.510999
1.27453
1.27453
1.04689
0.510999
0.510999
0.510999
0.380734
0
0
0.831733
0
0
0.340719
0
0.183203
0
0
0
0
0.510999
0
0
1.27453
0.510999
0.510999
0
0.510999
0
0
0
0
0.196387
0.510999
0.510999
0
0.0173036
1.27453
0
0
0.240684
0.013236
0.0606513
1.27453
1.27453
0
0
0
0
0
0
0.763531
0
0
0
1.27453
0.510999
0.121535
0
0
0
0.510999
0.510999
0
0.00189528
0.227434
0
0.0804416
0
0.510999
0
0.510999
0
0.146028
0.510999
0.135654
0
0.510999
0
0.229355
0.627129
0.263962
0.510999
0.0634438
0
0.333631
0.510999
0.103408
1.27453
0.410509
0
0.510999
0.510999
0
0
0.510999
0.510999
0
0
0
0
0
0
0
1.27453
0
0.522629
0.663034
0.510999
0.116109
0
0
0
0
0
0.296999
0.24765
0
0
0.205068
0
0
0.176848
0
0.510999
0
0
0.426504
0.245426
1.27453
0
0.113059
0
0.510999
0
0.510999
0.774593
0
0.30805
0.399272
0.510999
0
0
0
0
0.173822
0
0
0
0.127578
0.448091
0
0.510999
0
0.510999
0
0
0
0.00273093
0.510999
0.510999
0.488075
0.241602
0.510999
0.925772
0
0
0.148419
0.510999
0.510999
0
0.510999
0.510999
0.182706
0
0.247431
0
1.27453
0
0.400756
0.510999
0.510999
0
0.510999
0.510999
0.510999
0
0
0.510999
1.27453
1.27453
0
0.964934
0.510999
0.326952
0
0
0
0.329833
0.510999
0.119655
0.510999
0.898947
0
0
0.254184
0
0.510999
0
0
0.438443
0.510999
0.510999
0.273192
0
0
0
0
0.510999
0.00995914
0.510999
1.27453
0.0558936
0.510999
0.510999
0.0633977
0.202877
1.27453
0.510999
0.510999
0.52728
0.510999
0.510999
0.510999
0.510999
0.510999
0
0
1.27453
0
0
0
0.134155
0.254506
0.174768
0.510999
0
0.510999
0.510999
0
0.326943
0.505136
0.00881652
0.466421
0
0.510999
0.344792
0.0186932
1.04775
0
0.286878
0.510999
0
0.256465
0
0.510999
0
0
0
0
0.510999
0.313473
0.510999
0.510999
0.23067
1.27453
0.943368
0.201633
0.24619
0.129716
0
1.27453
0.0648408
0.510999
1.27453
1.27453
1.04689
0.510999
0.510999
0.510999
0
0.510999
0
0.219421
0.313536
0
0
1.27453
0.510999
0.30983
0.205435
0.510999
0
0
0
0.442611
0.510999
0.510999
0.111652
0
0.36121
0
0.510999
0.626779
1.27454
0.510999
0.165829
0.510999
0.301678
1.33439
0
0.510999
0.352186
0
0.89984
0
0
0.82487
0
1.27453
0.510999
0.510999
0.148922
0.510999
0.510999
0.438033
0.359854
0.308833
0.86415
0.510999
0.510999
0
0
0
0.167013
0.179863
0.510999
1.66413
0.856453
0.510999
0
0
0.00691694
0.928035
0.510999
0.138342
0.510999
0.0240397
0.510999
0.510999
0
0
0.510999
0.216683
0
0.222137
0.192846
0
0
1.29441
0
0.344954
0.23275
0.761525
0.510999
0
0
0.510999
0.697737
0.981028
0
0
0.510999
0.510999
0.510999
0.510999
0.272879
0.331931
0.510999
0.137463
0.510999
0.251794
0.0116024
0.16688
0
0
0.510999
0
0.195235
0.510999
0.0131358
1.27453
0.115935
0.23409
0
0
0
0.510999
0.510999
0
0
0.510999
0.510999
0
0.510999
0.306494
0.510999
0.118654
0.315329
0
0
0.312301
0.305079
0
0
1.27453
0
0.510999
1.02526
0.770798
0.510999
0
0.108178
0
0.216726
0.133569
0.510999
0
0.457065
0.510999
0.510999
0.510999
0.510999
0
0.510999
0
0
0
0
0
0.0754229
0.239094
0
0
0.510999
0
0
1.27453
0.510999
0
0.510999
0.510999
0
0.326943
0.505136
0.00881652
0.466421
0
0.510999
0.344792
0.0186932
1.04775
0
0.286878
0.510999
0
0.256465
0
0.510999
0
0
0
0
0.510999
0.313473
0.510999
0.510999
0.23067
1.27453
0.943368
0.201633
0.24619
0.129716
0
1.27453
0.0648408
0.510999
1.27453
1.27453
1.04689
0.510999
0.380734
0
0
0.831733
0
0
0.340719
0
0.183203
0
0
0
0
0.510999
0
0
1.27453
0.510999
0.510999
0
0.510999
0
0
0
0
0.196387
0.510999
0.510999
0
0.0173036
1.27453
0
0
0.240684
0.013236
0.0606513
0
0
0
0.763531
0
0
0
1.27453
0.510999
0.121535
0
0
0
0.510999
0.510999
0
0.00189528
0.227434
0
0.0804416
0
0.510999
0
0.510999
0
0.146028
0.510999
0.135654
0
0.510999
0
0.229355
0.627129
0.263962
0.510999
0.0634438
0
0.333631
0.510999
0.103408
1.27453
0.410509
0
0.510999
0.510999
0
0.576614
0
0
0
0.510999
0.510999
0
0
0
0
0
0
0
1.27453
0
0.522629
0.663034
0.510999
0.116109
0
0
0
0
0
0.296999
0.24765
0
0
0.205068
0
0
0.176848
0
0.510999
0
0
0.426504
0.245426
1.27453
0
0.113059
0
0.510999
0
0.510999
0.774593
0
0.30805
0.399272
0.510999
0
0
0
0
0.173822
0
0
0
0.127578
0.448091
0
0.510999
0
0.510999
0
0
0
0.00273093
0.510999
0.510999
0.488075
0.241602
0.510999
0.925772
0
0
0.148419
0.510999
0.510999
0
0.510999
0.510999
0.182706
0
0.247431
0
1.27453
0
0.400756
0.510999
0.510999
0
0.510999
0.510999
0.510999
0
0
0.510999
1.27453
1.27453
0
0.964934
0.510999
0.326952
0
0
0
0.329833
0.510999
0.119655
0.510999
0.898947
0
0
0.254184
0
0.510999
0
0
0.438443
0.510999
0.510999
0.273192
0
0
0
0
0.510999
0.00995914
0.510999
1.27453
0.0558936
0.510999
0.510999
0.0633977
0.202877
1.27453
0.510999
0.510999
0.52728
0.510999
0.510999
0.510999
0.510999
0.510999
0
0
1.27453
0
0
0
0.134155
0.254506
0.174768
0.21221
0.380734
0
0
0.831733
0
0
0.340719
0
0.183203
0
0
0
0
0.510999
0
0
1.27453
0.510999
0.510999
0
0.510999
0
0
0
0
0.196387
0.510999
0.510999
0
0.0173036
1.27453
0
0
0.240684
0.013236
0.0606513
0.510999
0
0.219421
0.313536
0
0
1.27453
0.510999
0.30983
0.205435
0.510999
0
0
0
0.442611
0.510999
0.510999
0.111652
0
0.36121
0
0.510999
0.626779
1.27454
0.510999
0.165829
0.510999
0.301678
1.33439
0
0.510999
0.352186
0
0.89984
0
0
0.82487
0
1.27453
0.510999
0.483035
0
0.510999
0.148922
0.510999
0.510999
0.438033
0.359854
0.308833
0.86415
0.510999
0.510999
0
0
0
0.167013
0.179863
0.510999
1.66413
0.856453
0.510999
0
0
0.00691694
0.928035
0.510999
0.138342
0.510999
0.0240397
0.510999
0.510999
0
0
0.510999
0.216683
0
0.222137
0.192846
0
0
1.29441
0
0.344954
0.23275
0.761525
0.510999
0
0
0.510999
0.697737
0.981028
0
0
0.510999
0.510999
0.510999
0.510999
0.272879
0.331931
0.510999
0.137463
0.510999
0.251794
0.0116024
0.16688
0
0
0.510999
0
0.195235
0.510999
0.0131358
1.27453
0.115935
0.23409
0
0
0
0.510999
0.510999
0.510999
0
0
0.510999
0.510999
0
0.510999
0.306494
0.510999
0.118654
0.315329
0
0
0.312301
0.305079
0
0
1.27453
0
0.510999
1.02526
0.770798
0.510999
0
0.108178
0
0.216726
0.133569
0.510999
0
0.457065
0.510999
0.510999
0.510999
0.510999
0
0.510999
0
0
0
0
0
0.0754229
0.239094
0
0
0.510999
0
0
1.27453
1.27453
0.12088
0
0.510999
0
0.510999
0.510999
0
0.326943
0.505136
0.00881652
0.466421
0
0.510999
0.344792
0.0186932
1.04775
0
0.286878
0.510999
0
0.256465
0
0.510999
0
0
0
0
0.510999
0.313473
0.510999
0.510999
0.23067
1.27453
0.943368
0.201633
0.24619
0.129716
0
1.27453
0.0648408
0.510999
1.27453
1.27453
1.04689
0.510999
0.510999
0.510999
0
0.380734
0
0
0.831733
0
0
0.340719
0
0.183203
0
0
0
0
0.510999
0
0
1.27453
0.510999
0.510999
0
0.510999
0
0
0
0
0.196387
0.510999
0.510999
0
0.0173036
1.27453
0
0
0.240684
0.013236
0.0606513
1.27453
1.27453
0
0
0
0
0.763531
0
0
0
1.27453
0.510999
0.121535
0
0
0
0.510999
0.510999
0
0.00189528
0.227434
0
0.0804416
0
0.510999
0
0.510999
0
0.146028
0.510999
0.135654
0
0.510999
0
0.229355
0.627129
0.263962
0.510999
0.0634438
0
0.333631
0.510999
0.103408
1.27453
0.410509
0
0.510999
0.510999
0
0
0
0.510999
0.510999
0
0
0
0
0
0
0
1.27453
0
0.522629
0.663034
0.510999
0.116109
0
0
0
0
0
0.296999
0.24765
0
0
0.205068
0
0
0.176848
0
0.510999
0
0
0.426504
0.245426
1.27453
0
0.113059
0
0.510999
0
0.510999
0.774593
0
0.30805
0.399272
0.510999
0
0
0
0
0.173822
0
0
0
0.127578
0.448091
0
0.510999
0
0.510999
0
0
0
0.00273093
0.510999
0.510999
0.488075
0.241602
0.510999
0.925772
0
0
0.148419
0.510999
0.510999
0
0.510999
0.510999
0.182706
0
0.247431
0
1.27453
0
0.400756
0.510999
0.510999
0
0.510999
0.510999
0.510999
0.505995
0.462307
0
0
0.510999
1.27453
1.27453
0
0.964934
0.510999
0.326952
0
0
0
0.329833
0.510999
0.119655
0.510999
0.898947
0
0
0.254184
0
0.510999
0
0
0.438443
0.510999
0.510999
0.273192
0
0
0
0
0.510999
0.00995914
0.510999
1.27453
0.0558936
0.510999
0.510999
0.0633977
0.202877
1.27453
0.510999
0.510999
0.52728
0.510999
0.510999
0.510999
0.510999
0.510999
0
0
1.27453
0
0
0
0.134155
0.254506
0.174768
0
0
0
0.763531
0
0
0
1.27453
0.510999
0.121535
0
0
0
0.510999
0.510999
0
0.00189528
0.227434
0
0.0804416
0
0.510999
0
0.510999
0
0.146028
0.510999
0.135654
0
0.510999
0
0.229355
0.627129
0.263962
0.510999
0.0634438
0
0.333631
0.510999
0.103408
1.27453
0.410509
0
0.510999
0.510999
0.510999
0
0.219421
0.313536
0
0
1.27453
0.510999
0.30983
0.205435
0.510999
0
0
0
0.442611
0.510999
0.510999
0.111652
0
0.36121
0
0.510999
0.626779
1.27454
0.510999
0.165829
0.510999
0.301678
1.33439
0
0.510999
0.352186
0
0.89984
0
0
0.82487
0
0.510999
0.148922
0.510999
0.510999
0.438033
0.359854
0.308833
0.86415
0.510999
0.510999
0
0
0
0.167013
0.179863
0.510999
1.66413
0.856453
0.510999
0
0
0.00691694
0.928035
0.510999
0.138342
0.510999
0.0240397
0.510999
0.510999
0
0
0.510999
0.216683
0
0.222137
0.192846
0
0
1.29441
0
0.344954
0.23275
0.761525
0.510999
0
0
0.510999
0.697737
0.981028
0
0
0.510999
0.510999
0.510999
0.510999
0.272879
0.331931
0.510999
0.137463
0.510999
0.251794
0.0116024
0.16688
0
0
0.510999
0
0.195235
0.510999
0.0131358
1.27453
0.115935
0.23409
0
0
0.510999
0
0
0.510999
0.510999
0
0.510999
0.306494
0.510999
0.118654
0.315329
0
0
0.312301
0.305079
0
0
1.27453
0
0.510999
1.02526
0.770798
0.510999
0
0.108178
0
0.216726
0.133569
0.510999
0
0.457065
0.510999
0.510999
0.510999
0.510999
0
0.510999
0
0
0
0
0
0.0754229
0.239094
0
0
0.510999
0
0
1.27453
1.27453
0.12088
0.510999
0
0.510999
0.510999
0
0.326943
0.505136
0.00881652
0.466421
0
0.510999
0.344792
0.0186932
1.04775
0
0.286878
0.510999
0
0.256465
0
0.510999
0
0
0
0
0.510999
0.313473
0.510999
0.510999
0.23067
1.27453
0.943368
0.201633
0.24619
0.129716
0
1.27453
0.0648408
0.510999
1.27453
1.27453
1.04689
0.510999
0.380734
0
0
0.831733
0
0
0.340719
0
0.183203
0
0
0
0
0.510999
0
0
1.27453
0.510999
0.510999
0
0.510999
0
0
0
0
0.196387
0.510999
0.510999
0
0.0173036
1.27453
0
0
0.240684
0.013236
0.0606513
0
0
0
0.763531
0
0
0
1.27453
0.510999
0.121535
0
0
0
0.510999
0.510999
0
0.00189528
0.227434
0
0.0804416
0
0.510999
0
0.510999
0
0.146028
0.510999
0.135654
0
0.510999
0
0.229355
0.627129
0.263962
0.510999
0.0634438
0
0.333631
0.510999
0.103408
1.27453
0.410509
0
0.510999
0.510999
0
0
0.510999
0.510999
0
0
0
0
0
0
0
1.27453
0
0.522629
0.663034
0.510999
0.116109
0
0
0
0
0
0.296999
0.24765
0
0
0.205068
0
0
0.176848
0
0.510999
0
0
0.426504
0.245426
1.27453
0
0.113059
0
0.510999
0
0.510999
0.774593
0
0.30805
0.399272
0.510999
0
0
0
0
0.173822
0
0
0
0.127578
0.448091
0
0.510999
0
0.510999
0
0
0
0.00273093
0.510999
0.510999
0.488075
0.241602
0.510999
0.925772
0
0
0.148419
0.510999
0.510999
0
0.510999
0.510999
0.182706
0
0.247431
0
1.27453
0
0.400756
0.510999
0.510999
0
0.510999
0.510999
0.510999
0.505995
0.462307
0
0
0.510999
1.27453
1.27453
0
0.964934
0.510999
0.326952
0
0
0
0.329833
0.510999
0.119655
0.510999
0.898947
0
0
0.254184
0
0.510999
0
0
0.438443
0.510999
0.510999
0.273192
0
0
0
0
0.510999
0.00995914
0.510999
1.27453
0.0558936
0.510999
0.510999
0.0633977
0.202877
1.27453
0.510999
0.510999
0.52728
0.510999
0.510999
0.510999
0.510999
0.510999
0
0
1.27453
0
0
0
0.134155
0.254506
0.174768
0.21221
0
0
0.510999
0.510999
0
0
0
0
0
0
0
1.27453
0
0.522629
0.663034
0.510999
0.116109
0
0
0
0
0
0.296999
0.24765
0
0
0.205068
0
0
0.176848
0
0.510999
0
0
0.426504
0.245426
1.27453
0
0.113059
0
0.510999
0
0.510999
0.774593
0
0.30805
0.399272
0.510999
0
0
0.510999
0
0.219421
0.313536
0
0
1.27453
0.510999
0.30983
0.205435
0.510999
0
0
0
0.442611
0.510999
0.510999
0.111652
0
0.36121
0
0.510999
0.626779
1.27454
0.510999
0.165829
0.510999
0.301678
1.33439
0
0.510999
0.352186
0
0.89984
0
0
0.82487
0
1.27453
0.510999
0.483035
0
0.510999
0.148922
0.510999
0.510999
0.438033
0.359854
0.308833
0.86415
0.510999
0.510999
0
0
0
0.167013
0.179863
0.510999
1.66413
0.856453
0.510999
0
0
0.00691694
0.928035
0.510999
0.138342
0.510999
0.0240397
0.510999
0.510999
0
0
0.510999
0.216683
0
0.222137
0.192846
0
0
1.29441
0
0.344954
0.23275
0.761525
0.510999
0
0
0.510999
0.697737
0.981028
0
0
0.510999
0.510999
0.510999
0.510999
0.272879
0.331931
0.510999
0.137463
0.510999
0.251794
0.0116024
0.16688
0
0
0.510999
0
0.195235
0.510999
0.0131358
1.27453
0.115935
0.23409
0
0
0
0.510999
0.510999
0
0
0.510999
0.510999
0
0.510999
0.306494
0.510999
0.118654
0.315329
0
0
0.312301
0.305079
0
0
1.27453
0
0.510999
1.02526
0.770798
0.510999
0
0.108178
0
0.216726
0.133569
0.510999
0
0.457065
0.510999
0.510999
0.510999
0.510999
0
0.510999
0
0
0
0
0
0.0754229
0.239094
0
0
0.510999
0
0
1.27453
1.27453
0.12088
0.510999
0
0.510999
0.510999
0
0.326943
0.505136
0.00881652
0.466421
0
0.510999
0.344792
0.0186932
1.04775
0
0.286878
0.510999
0
0.256465
0
0.510999
0
0
0
0
0.510999
0.313473
0.510999
0.510999
0.23067
1.27453
0.943368
0.201633
0.24619
0.129716
0
1.27453
0.0648408
0.510999
1.27453
1.27453
1.04689
0.380734
0
0
0.831733
0
0
0.340719
0
0.183203
0
0
0
0
0.510999
0
0
1.27453
0.510999
0.510999
0
0.510999
0
0
0
0
0.196387
0.510999
0.510999
0
0.0173036
1.27453
0
0
0.240684
0.013236
0.0606513
1.27453
1.27453
0
0
0
0.763531
0
0
0
1.27453
0.510999
0.121535
0
0
0
0.510999
0.510999
0
0.00189528
0.227434
0
0.0804416
0
0.510999
0
0.510999
0
0.146028
0.510999
0.135654
0
0.510999
0
0.229355
0.627129
0.263962
0.510999
0.0634438
0
0.333631
0.510999
0.103408
1.27453
0.410509
0
0.510999
0.510999
0
0
0.510999
0.510999
0
0
0
0
0
0
0
1.27453
0
0.522629
0.663034
0.510999
0.116109
0
0
0
0
0
0.296999
0.24765
0
0
0.205068
0
0
0.176848
0
0.510999
0
0
0.426504
0.245426
1.27453
0
0.113059
0
0.510999
0
0.510999
0.774593
0
0.30805
0.399272
0.510999
0
0
0
0.173822
0
0
0
0.127578
0.448091
0
0.510999
0
0.510999
0
0
0
0.00273093
0.510999
0.510999
0.488075
0.241602
0.510999
0.925772
0
0
0.148419
0.510999
0.510999
0
0.510999
0.510999
0.182706
0
0.247431
0
1.27453
0
0.400756
0.510999
0.510999
0
0.510999
0.510999
0.510999
0.505995
0
0
0.510999
1.27453
1.27453
0
0.964934
0.510999
0.326952
0
0
0
0.329833
0.510999
0.119655
0.510999
0.898947
0
0
0.254184
0
0.510999
0
0
0.438443
0.510999
0.510999
0.273192
0
0
0
0
0.510999
0.00995914
0.510999
1.27453
0.0558936
0.510999
0.510999
0.0633977
0.202877
1.27453
0.510999
0.510999
0.52728
0.510999
0.510999
0.510999
0.510999
0.510999
0
0
1.27453
0
0
0
0.134155
0.254506
0.174768
0.21221
0.240285
0
0
0.173822
0
0
0
0.127578
0.448091
0
0.510999
0
0.510999
0
0
0
0.00273093
0.510999
0.510999
0.488075
0.241602
0.510999
0.925772
0
0
0.148419
0.510999
0.510999
0
0.510999
0.510999
0.182706
0
0.247431
0
1.27453
0
0.400756
0.510999
0.510999
0
0.510999
0.510999
0.510999
0.510999
0
0.219421
0.313536
0
0
1.27453
0.510999
0.30983
0.205435
0.510999
0
0
0
0.442611
0.510999
0.510999
0.111652
0
0.36121
0
0.510999
0.626779
1.27454
0.510999
0.165829
0.510999
0.301678
1.33439
0
0.510999
0.352186
0
0.89984
0
0
0.82487
0
1.27453
0.510999
0.483035
0
0.639143
0.510999
0.148922
0.510999
0.510999
0.438033
0.359854
0.308833
0.86415
0.510999
0.510999
0
0
0
0.167013
0.179863
0.510999
1.66413
0.856453
0.510999
0
0
0.00691694
0.928035
0.510999
0.138342
0.510999
0.0240397
0.510999
0.510999
0
0
0.510999
0.216683
0
0.222137
0.192846
0
0
0.344954
0.23275
0.761525
0.510999
0
0
0.510999
0.697737
0.981028
0
0
0.510999
0.510999
0.510999
0.510999
0.272879
0.331931
0.510999
0.137463
0.510999
0.251794
0.0116024
0.16688
0
0
0.510999
0
0.195235
0.510999
0.0131358
1.27453
0.115935
0.23409
0
0
0
0.510999
0.510999
0.510999
0
0
0.510999
0.510999
0
0.510999
0.306494
0.510999
0.118654
0.315329
0
0
0.312301
0.305079
0
0
1.27453
0
0.510999
1.02526
0.770798
0.510999
0
0.108178
0
0.216726
0.133569
0.510999
0
0.457065
0.510999
0.510999
0.510999
0.510999
0
0.510999
0
0
0
0
0
0.0754229
0.239094
0
0
0.510999
0
0
1.27453
1.27453
0.12088
0
0.510999
0
0.510999
0.510999
0
0.326943
0.505136
0.00881652
0.466421
0
0.510999
0.344792
0.0186932
1.04775
0
0.286878
0.510999
0
0.256465
0
0.510999
0
0
0
0
0.510999
0.313473
0.510999
0.510999
0.23067
1.27453
0.943368
0.201633
0.24619
0.129716
0
1.27453
0.0648408
0.510999
1.27453
1.27453
1.04689
0.510999
0.510999
0.510999
0
0
0.380734
0
0
0.831733
0
0
0.340719
0
0.183203
0
0
0
0
0.510999
0
0
1.27453
0.510999
0.510999
0
0.510999
0
0
0
0
0.196387
0.510999
0.510999
0
0.0173036
1.27453
0
0
0.240684
0.013236
0.0606513
0
0
0
0.763531
0
0
0
1.27453
0.510999
0.121535
0
0
0
0.510999
0.510999
0
0.00189528
0.227434
0
0.0804416
0
0.510999
0
0.510999
0
0.146028
0.510999
0.135654
0
0.510999
0
0.229355
0.627129
0.263962
0.510999
0.0634438
0
0.333631
0.510999
0.103408
1.27453
0.410509
0
0.510999
0.510999
0
0
0.510999
0.510999
0
0
0
0
0
0
0
1.27453
0
0.522629
0.663034
0.510999
0.116109
0
0
0
0
0
0.296999
0.24765
0
0
0.205068
0
0
0.176848
0
0.510999
0
0
0.426504
0.245426
1.27453
0
0.113059
0
0.510999
0
0.510999
0.774593
0
0.30805
0.399272
0.510999
0
0
0
0
0.173822
0
0
0
0.127578
0.448091
0
0.510999
0
0.510999
0
0
0
0.00273093
0.510999
0.510999
0.488075
0.241602
0.510999
0.925772
0
0
0.148419
0.510999
0.510999
0
0.510999
0.510999
0.182706
0
0.247431
0
1.27453
0
0.400756
0.510999
0.510999
0
0.510999
0.510999
0.510999
0
0
0.510999
1.27453
1.27453
0
0.964934
0.510999
0.326952
0
0
0
0.329833
0.510999
0.119655
0.510999
0.898947
0
0
0.254184
0
0.510999
0
0
0.438443
0.510999
0.510999
0.273192
0
0
0
0
0.510999
0.00995914
0.510999
1.27453
0.0558936
0.510999
0.510999
0.0633977
0.202877
1.27453
0.510999
0.510999
0.52728
0.510999
0.510999
0.510999
0.510999
0.510999
0
0
1.27453
0
0
0
0.134155
0.254506
0.174768
0.21221
0
0
0.510999
1.27453
1.27453
0
0.964934
0.510999
0.326952
0
0
0
0.329833
0.510999
0.119655
0.510999
0.898947
0
0
0.254184
0
0.510999
0
0
0.438443
0.510999
0.510999
0.273192
0
0
0
0
0.510999
0.00995914
0.510999
1.27453
0.0558936
0.510999
0.510999
0.0633977
0.202877
1.27453
0.510999
0.510999
0.52728
0.510999
0.510999
0.510999
0.510999
0.510999
0
0
1.27453
0
0
0
0.134155
0.254506
0.174768
