0.510999
0.510999
0.14641
1.27453
0.510999
0.510999
0.157374
1.27453
0.510999
0
0.340289
0.510999
1.27453
0
0.510999
0
0.365072
0
0.00222123
0.300099
0.510999
0.308413
0.510999
0
0
0.510999
0.219957
1.27446
0.251879
0.0662327
0
0.709985
0.312181
0.510999
0.149435
0.207173
0
0
0.510999
0
0
0
0.32735
0.259684
0.510999
0.174063
0.266947
0
0.393032
0.510999
0.510999
0.14641
1.27453
0.510999
0.510999
0.157374
1.27453
0.510999
0
0.340289
0.510999
1.27453
0
0.510999
0
0.365072
0
0.00222123
0.300099
0.510999
0.308413
0.510999
0
0
0.510999
0.219957
1.27446
0.251879
0.0662327
0
0.709985
0.312181
0.510999
0.149435
0.207173
0
0
0.510999
0
0
0
0.32735
0.259684
0.510999
0.174063
0.266947
0
0.393032
0
1.14081
0.510999
0
0.32221
0.326148
0
0.236146
0.196929
0
0.115749
0.199068
1.27453
0
0
0.510999
0.903177
0.252721
0
0
0
0
0.195741
0.559255
1.27453
0.141505
0.510999
0
1.27453
0
0.510999
0.510999
1.27453
0
0
0.23996
1.78553
0.510999
0.174334
0.510999
0
0.0254538
0
0.510999
0
0.25201
0.838096
0.259459
0.510999
0.200376
0.737735
0
0.176503
1.03774
0
0.510999
0.0819432
0
0.510999
0.510999
0
0.200248
0.499473
0.510999
0.159716
0.202122
0
0.23914
0.510999
0.243349
0.790728
0.228088
1.27453
0
0.379166
0.0225007
0.187933
0.510999
0
0
0.189668
0
0.636148
0
0.510999
0.0832069
0.0997802
0
0
0.249282
0.944602
0
0
0
0
0
0.219835
0.35944
0.0252576
0
0.510999
0
0.563766
0.830441
0.820228
0
0
0.510999
0.131093
0.510999
0.510999
0.257384
0.366217
0
0
0.183433
0.510999
0.510999
0.510999
1.54644
0.588091
1.27452
0.605991
0.510999
1.27453
0.120051
0.282392
0
0.510999
0.186337
0.229168
0
0
0
0.947437
0.209753
0
0.476437
0.510999
0.510999
0
0.510999
0.366665
0
0
0.510999
0
0.510999
0
1.11507
0
0.730384
0.510999
1.27453
0.510999
0
0.165853
0.510999
0
0
0
0.510999
0
0
0.278235
0
0.100901
0
0.980712
0.510999
0
0
0
0.303556
0
0.510999
0.285726
0.242465
0
0.501418
0.329339
0.510999
0.453419
0.510999
0.242254
0.510999
0.510999
0.510999
0.510999
0.283291
0
0
1.27453
0
0.510999
0
0.510999
0.510999
0
0
1.27453
0.510999
1.01563
0
0
0
0.510999
0.787248
0
0.904146
0.36443
0.321884
0.510999
0.15769
0
0
0.0957734
0
0.19285
1.27453
0.416257
0
0.510999
0.510999
0.510999
0.748354
0.510999
0.0957151
0
0
0.510999
1.27453
0
0
0.510999
0.0724197
0
0.510999
0
0
0.510999
0.512216
1.27453
0.331977
0
1.05422
0.510999
0.510999
0
0.510999
0
0
0.717026
1.27453
0.510999
0.372971
0.510999
0.28897
0
1.27453
0
0.959383
0.140576
1.27458
0
1.01403
0.510999
0.202041
0.510999
0.510999
0.510999
0
0.374155
0.324192
0
0
0.357959
0
0
0.359419
0
0.224325
0
0.22459
0.985407
0.324786
0.890822
0
0.486832
0.368102
0.741722
0.343088
0
0.510999
0.396911
0.048854
0.510999
0
0.223383
0
0
0.189436
0
0.385373
0
0
1.27453
0.266459
0.378844
0
0.088429
0.333126
0.510999
0
0
0
0.510999
0.762867
0.510999
0.505476
0
0.36154
0
0.510999
0
0
0
1.27455
0.300606
0.0791009
0.510999
0
0.510999
1.27453
0.510999
0.510999
0.0164698
0.337228
0.510999
0.510999
0.510999
0
0
1.27453
0
0
0
0.510999
0.791446
0.83889
0.510999
1.09381
0
0.00179652
1.27453
0.510999
0
0.510999
0.789217
0.510999
0.510999
1.27453
0.249786
0.281938
0
0
0.204924
0.12199
0
0
0
0.25332
0.510999
0.510999
0.87632
1.18748
0
0.510999
0
0
1.27453
0
0
0.510999
1.14081
0.510999
0
0.32221
0.326148
0
0.236146
0.196929
0
0.115749
0.199068
1.27453
0
0
0.510999
0.903177
0.252721
0
0
0
0
0.195741
0.559255
1.27453
0.141505
0.510999
0
1.27453
0
0.510999
0.510999
1.27453
0
0
0.23996
1.78553
0.510999
0.510999
0.14641
1.27453
0.510999
0.510999
0.157374
1.27453
0.510999
0
0.340289
0.510999
1.27453
0
0.510999
0
0.365072
0
0.00222123
0.300099
0.510999
0.308413
0.510999
0
0
0.510999
0.219957
1.27446
0.251879
0.0662327
0
0.709985
0.312181
0.510999
0.149435
0.207173
0
0
0.510999
0
0
0
0.32735
0.259684
0.510999
0.174063
0.266947
0
0.393032
0
1.14081
0.510999
0
0.32221
0.326148
0
0.236146
0.196929
0
0.115749
0.199068
1.27453
0
0
0.510999
0.903177
0.252721
0
0
0
0
0.195741
0.559255
1.27453
0.141505
0.510999
0
1.27453
0
0.510999
0.510999
1.27453
0
0
0.23996
1.78553
0.510999
0.174334
0.510999
0
0.0254538
0
0.510999
0
0.25201
0.838096
0.259459
0.510999
0.200376
0.737735
0
0.176503
1.03774
0
0.510999
0.0819432
0
0.510999
0.510999
0
0.200248
0.499473
0.510999
0.159716
0.202122
0
0.23914
0.510999
0.243349
0.790728
0.228088
1.27453
0
0.379166
0.0225007
0.187933
0.510999
0
0
0.189668
0
0.636148
0
0.510999
0.0832069
0.0997802
0
0
0.249282
0.944602
0
0
0
0
0
0.219835
0.35944
0.0252576
0
0.510999
0
0.563766
0.830441
0.820228
0
0
0.510999
0.131093
0.510999
0.510999
0.257384
0.366217
0
0
0.183433
0.510999
0.510999
0.510999
1.54644
0.588091
1.27452
0.605991
0.510999
1.27453
0.120051
0.282392
0
0.510999
0.186337
0.229168
0
0
0
0.947437
0.209753
0
0.476437
0.510999
0.510999
0
0.510999
0.366665
0
0
0.510999
0
0.510999
0
1.11507
0
0.730384
0.510999
1.27453
0.510999
0
0.165853
0.510999
0
0
0
0.510999
0
0
0.278235
0
0.100901
0
0.980712
0.510999
0
0
0
0.303556
0
0.510999
0.510999
0.285726
0.242465
0
0.501418
0.329339
0.510999
0.453419
0.510999
0.242254
0.510999
0.510999
0.510999
0.510999
0.283291
0
0
1.27453
0
0.510999
0
0.510999
0.510999
0
0
1.27453
0.510999
1.01563
0
0
0
0.510999
0.787248
0
0.904146
0.36443
0.321884
0.510999
0.15769
0
0
0.0957734
0
0.19285
1.27453
0.416257
0
0.510999
0.510999
0.173138
0.510999
0.748354
0.510999
0.0957151
0
0
0.510999
1.27453
0
0
0.510999
0.0724197
0
0.510999
0
0
0.510999
0.512216
1.27453
0.331977
0
1.05422
0.510999
0.510999
0
0.510999
0
0
0.717026
1.27453
0.510999
0.372971
0.510999
0.28897
0
1.27453
0
0.959383
0.140576
1.27458
0
1.01403
0.171763
0.174767
0.510999
0.202041
0.510999
0.510999
0.510999
0
0.374155
0.324192
0
0
0.357959
0
0
0.359419
0
0.224325
0
0.22459
0.985407
0.324786
0.890822
0
0.486832
0.368102
0.741722
0.343088
0
0.510999
0.396911
0.048854
0.510999
0
0.223383
0
0
0.189436
0
0
0.510999
0.385373
0
0
1.27453
0.266459
0.378844
0
0.088429
0.333126
0.510999
0
0
0
0.510999
0.762867
0.510999
0.505476
0
0.36154
0
0.510999
0
0
0
1.27455
0.300606
0.0791009
0.510999
0
0.510999
1.27453
0.510999
0.510999
0.0164698
0.337228
0.510999
0.510999
0.510999
0
0
1.27453
0
0
0
0.510999
0.791446
0.83889
0.510999
1.09381
0
0.00179652
1.27453
0.510999
0
0.510999
0.789217
0.510999
0.510999
1.27453
0.249786
0.281938
0
0
0.204924
0.12199
0
0
0
0.25332
0.510999
0.510999
0.87632
1.18748
0
0.510999
0
0
1.27453
0
0
0.510999
0.510999
0.174334
0.510999
0
0.0254538
0
0.510999
0
0.25201
0.838096
0.259459
0.510999
0.200376
0.737735
0
0.176503
1.03774
0
0.510999
0.0819432
0
0.510999
0.510999
0
0.200248
0.499473
0.510999
0.159716
0.202122
0
0.23914
0.510999
0.243349
0.790728
0.228088
1.27453
0
0.379166
0.510999
0.510999
0.14641
1.27453
0.510999
0.510999
0.157374
1.27453
0.510999
0
0.340289
0.510999
1.27453
0
0.510999
0
0.365072
0
0.00222123
0.300099
0.510999
0.308413
0.510999
0
0
0.510999
0.219957
1.27446
0.251879
0.0662327
0
0.709985
0.312181
0.510999
0.149435
0.207173
0
0
0.510999
0
0
0
0.32735
0.259684
0.510999
0.174063
0.266947
0
1.14081
0.510999
0
0.32221
0.326148
0
0.236146
0.196929
0
0.115749
0.199068
1.27453
0
0
0.510999
0.903177
0.252721
0
0
0
0
0.195741
0.559255
1.27453
0.141505
0.510999
0
1.27453
0
0.510999
0.510999
1.27453
0
0
0.23996
1.78553
0.510999
0.174334
0.510999
0
0.0254538
0
0.510999
0
0.25201
0.838096
0.259459
0.510999
0.200376
0.737735
0
0.176503
1.03774
0
0.510999
0.0819432
0
0.510999
0.510999
0
0.200248
0.499473
0.510999
0.159716
0.202122
0
0.23914
0.510999
0.243349
0.790728
0.228088
1.27453
0
0.379166
0.0225007
0.187933
0.510999
0
0
0.189668
0
0.636148
0
0.510999
0.0832069
0.0997802
0
0
0.249282
0.944602
0
0
0
0
0
0.219835
0.35944
0.0252576
0
0.510999
0
0.563766
0.830441
0.820228
0
0
0.510999
0.131093
0.510999
0.510999
0.257384
0.366217
0
0
0.183433
0.510999
0.510999
0.510999
1.54644
0.588091
1.27452
0.605991
0.510999
1.27453
0.120051
0.282392
0
0.510999
0.186337
0.229168
0
0
0
0.947437
0.209753
0
0.476437
0.510999
0.510999
0
0.510999
0.366665
0
0
0.510999
0
0.510999
0
1.11507
0
0.730384
0.510999
1.27453
0.510999
0
0.165853
0.510999
0
0
0
0.510999
0
0
0.278235
0
0.100901
0
0.980712
0.510999
0
0
0
0.510999
0.285726
0.242465
0
0.501418
0.329339
0.510999
0.453419
0.510999
0.242254
0.510999
0.510999
0.510999
0.510999
0.283291
0
0
1.27453
0
0.510999
0
0.510999
0.510999
0
0
1.27453
0.510999
1.01563
0
0
0
0.510999
0.787248
0
0.904146
0.36443
0.321884
0.510999
0.15769
0
0
0.0957734
0
0.19285
1.27453
0.416257
0
0.510999
0.510999
0.748354
0.510999
0.0957151
0
0
0.510999
1.27453
0
0
0.510999
0.0724197
0
0.510999
0
0
0.510999
0.512216
1.27453
0.331977
0
1.05422
0.510999
0.510999
0
0.510999
0
0
0.717026
1.27453
0.510999
0.372971
0.510999
0.28897
0
1.27453
0
0.959383
0.140576
1.27458
0
1.01403
0.171763
0.510999
0.202041
0.510999
0.510999
0.510999
0
0.374155
0.324192
0
0
0.357959
0
0
0.359419
0
0.224325
0
0.22459
0.985407
0.324786
0.890822
0
0.486832
0.368102
0.741722
0.343088
0
0.510999
0.396911
0.048854
0.510999
0
0.223383
0
0
0.189436
0
0.385373
0
0
1.27453
0.266459
0.378844
0
0.088429
0.333126
0.510999
0
0
0
0.510999
0.762867
0.510999
0.505476
0
0.36154
0
0.510999
0
0
0
1.27455
0.300606
0.0791009
0.510999
0
0.510999
1.27453
0.510999
0.510999
0.0164698
0.337228
0.510999
0.510999
0.510999
0
1.27453
0
0
0
0.510999
0.791446
0.83889
0.510999
1.09381
0
0.00179652
1.27453
0.510999
0
0.510999
0.789217
0.510999
0.510999
1.27453
0.249786
0.281938
0
0
0.204924
0.12199
0
0
0
0.25332
0.510999
0.510999
0.87632
1.18748
0
0.510999
0
0
1.27453
0
0
0.510999
0.0225007
0.187933
0.510999
0
0
0.189668
0
0.636148
0
0.510999
0.0832069
0.0997802
0
0
0.249282
0.944602
0
0
0
0
0
0.219835
0.35944
0.0252576
0
0.510999
0
0.563766
0.830441
0.820228
0
0
0.510999
0.131093
0.510999
0.510999
0.257384
0.366217
0
0
0.183433
0.510999
0.510999
0.510999
1.54644
0.588091
1.27452
0.605991
0.510999
0
0.510999
0.510999
0.14641
1.27453
0.510999
0.510999
0.157374
1.27453
0.510999
0
0.340289
0.510999
1.27453
0
0.510999
0
0.365072
0
0.00222123
0.300099
0.510999
0.308413
0.510999
0
0
0.510999
0.219957
1.27446
0.251879
0.0662327
0
0.709985
0.312181
0.510999
0.149435
0.207173
0
0
0.510999
0
0
0
0.32735
0.259684
0.510999
0.174063
0.266947
0
0.393032
0
1.14081
0.510999
0
0.32221
0.326148
0
0.236146
0.196929
0
0.115749
0.199068
1.27453
0
0
0.510999
0.903177
0.252721
0
0
0
0
0.195741
0.559255
1.27453
0.141505
0.510999
0
1.27453
0
0.510999
0.510999
1.27453
0
0
0.23996
1.78553
0.510999
0.174334
0.510999
0
0.0254538
0
0.510999
0
0.25201
0.838096
0.259459
0.510999
0.200376
0.737735
0
0.176503
1.03774
0
0.510999
0.0819432
0
0.510999
0.510999
0
0.200248
0.499473
0.510999
0.159716
0.202122
0
0.23914
0.510999
0.243349
0.790728
0.228088
1.27453
0
0.0225007
0.187933
0.510999
0
0
0.189668
0
0.636148
0
0.510999
0.0832069
0.0997802
0
0
0.249282
0.944602
0
0
0
0
0
0.219835
0.35944
0.0252576
0
0.510999
0
0.563766
0.830441
0.820228
0
0
0.510999
0.131093
0.510999
0.510999
0.257384
0.366217
0
0
0.183433
0.510999
0.510999
0.510999
1.54644
0.588091
1.27452
0.605991
0.510999
0
1.27453
0.120051
0.282392
0
0.510999
0.186337
0.229168
0
0
0
0.947437
0.209753
0
0.476437
0.510999
0.510999
0
0.510999
0.366665
0
0
0.510999
0
0.510999
0
1.11507
0
0.730384
0.510999
1.27453
0.510999
0
0.165853
0.510999
0
0
0
0.510999
0
0
0.278235
0
0.100901
0
0.980712
0.510999
0
0
0
0.510999
0.285726
0.242465
0
0.501418
0.329339
0.510999
0.453419
0.510999
0.242254
0.510999
0.510999
0.510999
0.510999
0.283291
0
0
1.27453
0
0.510999
0
0.510999
0.510999
0
0
1.27453
0.510999
1.01563
0
0
0
0.510999
0.787248
0
0.904146
0.36443
0.321884
0.510999
0.15769
0
0
0.0957734
0
0.19285
1.27453
0.416257
0
0.510999
0.510999
0.173138
0.510999
0.748354
0.510999
0.0957151
0
0
0.510999
1.27453
0
0
0.510999
0.0724197
0
0.510999
0
0
0.510999
0.512216
1.27453
0.331977
0
1.05422
0.510999
0.510999
0
0.510999
0
0
0.717026
1.27453
0.510999
0.372971
0.510999
0.28897
0
1.27453
0
0.959383
0.140576
1.27458
0
1.01403
0.171763
0.510999
0.202041
0.510999
0.510999
0.510999
0
0.374155
0.324192
0
0
0.357959
0
0
0.359419
0
0.224325
0
0.22459
0.985407
0.324786
0.890822
0
0.486832
0.368102
0.741722
0.343088
0
0.510999
0.396911
0.048854
0.510999
0
0.223383
0
0
0.189436
0
0
0.385373
0
0
1.27453
0.266459
0.378844
0
0.088429
0.333126
0.510999
0
0
0
0.510999
0.762867
0.510999
0.505476
0
0.36154
0
0.510999
0
0
0
1.27455
0.300606
0.0791009
0.510999
0
0.510999
1.27453
0.510999
0.510999
0.0164698
0.337228
0.510999
0.510999
0.510999
0
1.27453
0
0
0
0.510999
0.791446
0.83889
0.510999
1.09381
0
0.00179652
1.27453
0.510999
0
0.510999
0.789217
0.510999
0.510999
1.27453
0.249786
0.281938
0
0
0.204924
0.12199
0
0
0
0.25332
0.510999
0.510999
0.87632
1.18748
0
0.510999
0
0
1.27453
0
0
0.510999
1.27453
0.120051
0.282392
0
0.510999
0.186337
0.229168
0
0
0
0.947437
0.209753
0
0.476437
0.510999
0.510999
0
0.510999
0.366665
0
0
0.510999
0
0.510999
0
1.11507
0
0.730384
0.510999
1.27453
0.510999
0
0.165853
0.510999
0
0
0
0.510999
0
0
0.278235
0
0.100901
0
0.980712
0.510999
0
0
0
0.510999
0.510999
0.14641
1.27453
0.510999
0.510999
0.157374
1.27453
0.510999
0
0.340289
0.510999
1.27453
0
0.510999
0
0.365072
0
0.00222123
0.300099
0.510999
0.308413
0.510999
0
0
0.510999
0.219957
1.27446
0.251879
0.0662327
0
0.709985
0.312181
0.510999
0.149435
0.207173
0
0
0.510999
0
0
0
0.32735
0.259684
0.510999
0.174063
0.266947
0
0.393032
0
1.14081
0.510999
0
0.32221
0.326148
0
0.236146
0.196929
0
0.115749
0.199068
1.27453
0
0
0.510999
0.903177
0.252721
0
0
0
0
0.195741
0.559255
1.27453
0.141505
0.510999
0
1.27453
0
0.510999
0.510999
1.27453
0
0
0.23996
1.78553
0.510999
0.174334
0.510999
0
0.0254538
0
0.510999
0
0.25201
0.838096
0.259459
0.510999
0.200376
0.737735
0
0.176503
1.03774
0
0.510999
0.0819432
0
0.510999
0.510999
0
0.200248
0.499473
0.510999
0.159716
0.202122
0
0.23914
0.510999
0.243349
0.790728
0.228088
1.27453
0
0.0225007
0.187933
0.510999
0
0
0.189668
0
0.636148
0
0.510999
0.0832069
0.0997802
0
0
0.249282
0.944602
0
0
0
0
0
0.219835
0.35944
0.0252576
0
0.510999
0
0.563766
0.830441
0.820228
0
0
0.510999
0.131093
0.510999
0.510999
0.257384
0.366217
0
0
0.183433
0.510999
0.510999
0.510999
1.54644
0.588091
1.27452
0.605991
0.510999
1.27453
0.120051
0.282392
0
0.510999
0.186337
0.229168
0
0
0
0.947437
0.209753
0
0.476437
0.510999
0.510999
0
0.510999
0.366665
0
0
0.510999
0
0.510999
0
1.11507
0
0.730384
0.510999
1.27453
0.510999
0
0.165853
0.510999
0
0
0
0.510999
0
0
0.278235
0
0.100901
0
0.980712
0.510999
0
0
0
0.510999
0.285726
0.242465
0
0.501418
0.329339
0.510999
0.453419
0.510999
0.242254
0.510999
0.510999
0.510999
0.510999
0.283291
0
0
1.27453
0
0.510999
0
0.510999
0.510999
0
0
1.27453
0.510999
1.01563
0
0
0
0.510999
0.787248
0
0.904146
0.36443
0.321884
0.510999
0.15769
0
0
0.0957734
0
0.19285
1.27453
0.416257
0
0.510999
0.748354
0.510999
0.0957151
0
0
0.510999
1.27453
0
0
0.510999
0.0724197
0
0.510999
0
0
0.510999
0.512216
1.27453
0.331977
0
1.05422
0.510999
0.510999
0
0.510999
0
0
0.717026
1.27453
0.510999
0.372971
0.510999
0.28897
0
1.27453
0
0.959383
0.140576
1.27458
0
1.01403
0.171763
0.174767
0.510999
0.202041
0.510999
0.510999
0.510999
0
0.374155
0.324192
0
0
0.357959
0
0
0.359419
0
0.224325
0
0.22459
0.985407
0.324786
0.890822
0
0.486832
0.368102
0.741722
0.343088
0
0.510999
0.396911
0.048854
0.510999
0
0.223383
0
0
0.189436
0
0.385373
0
0
1.27453
0.266459
0.378844
0
0.088429
0.333126
0.510999
0
0
0
0.510999
0.762867
0.510999
0.505476
0
0.36154
0
0.510999
0
0
0
1.27455
0.300606
0.0791009
0.510999
0
0.510999
1.27453
0.510999
0.510999
0.0164698
0.337228
0.510999
0.510999
0.510999
0
1.27453
0
0
0
0.510999
0.791446
0.83889
0.510999
1.09381
0
0.00179652
1.27453
0.510999
0
0.510999
0.789217
0.510999
0.510999
1.27453
0.249786
0.281938
0
0
0.204924
0.12199
0
0
0
0.25332
0.510999
0.510999
0.87632
1.18748
0
0.510999
0
0
1.27453
0
0
0.510999
0.510999
0.285726
0.242465
0
0.501418
0.329339
0.510999
0.453419
0.510999
0.242254
0.510999
0.510999
0.510999
0.510999
0.283291
0
0
1.27453
0
0.510999
0
0.510999
0.510999
0
0
1.27453
0.510999
1.01563
0
0
0
0.510999
0.787248
0
0.904146
0.36443
0.321884
0.510999
0.15769
0
0
0.0957734
0
0.19285
1.27453
0.416257
0
0.510999
0.510999
0.14641
1.27453
0.510999
0.510999
0.157374
1.27453
0.510999
0
0.340289
0.510999
1.27453
0
0.510999
0
0.365072
0
0.00222123
0.300099
0.510999
0.308413
0.510999
0
0
0.510999
0.219957
1.27446
0.251879
0.0662327
0
0.709985
0.312181
0.510999
0.149435
0.207173
0
0
0.510999
0
0
0
0.32735
0.259684
0.510999
0.174063
0.266947
0
0.393032
0
1.14081
0.510999
0
0.32221
0.326148
0
0.236146
0.196929
0
0.115749
0.199068
1.27453
0
0
0.510999
0.903177
0.252721
0
0
0
0
0.195741
0.559255
1.27453
0.141505
0.510999
0
1.27453
0
0.510999
0.510999
1.27453
0
0
0.23996
1.78553
0.510999
0.174334
0.510999
0
0.0254538
0
0.510999
0
0.25201
0.838096
0.259459
0.510999
0.200376
0.737735
0
0.176503
1.03774
0
0.510999
0.0819432
0
0.510999
0.510999
0
0.200248
0.499473
0.510999
0.159716
0.202122
0
0.23914
0.510999
0.243349
0.790728
0.228088
1.27453
0
0.379166
0.0225007
0.187933
0.510999
0
0
0.189668
0
0.636148
0
0.510999
0.0832069
0.0997802
0
0
0.249282
0.944602
0
0
0
0
0
0.219835
0.35944
0.0252576
0
0.510999
0
0.563766
0.830441
0.820228
0
0
0.510999
0.131093
0.510999
0.510999
0.257384
0.366217
0
0
0.183433
0.510999
0.510999
0.510999
1.54644
0.588091
1.27452
0.605991
0.510999
0
1.27453
0.120051
0.282392
0
0.510999
0.186337
0.229168
0
0
0
0.947437
0.209753
0
0.476437
0.510999
0.510999
0
0.510999
0.366665
0
0
0.510999
0
0.510999
0
1.11507
0
0.730384
0.510999
1.27453
0.510999
0
0.165853
0.510999
0
0
0
0.510999
0
0
0.278235
0
0.100901
0
0.980712
0.510999
0
0
0
0.510999
0.285726
0.242465
0
0.501418
0.329339
0.510999
0.453419
0.510999
0.242254
0.510999
0.510999
0.510999
0.510999
0.283291
0
0
1.27453
0
0.510999
0
0.510999
0.510999
0
0
1.27453
0.510999
1.01563
0
0
0
0.510999
0.787248
0
0.904146
0.36443
0.321884
0.510999
0.15769
0
0
0.0957734
0
0.19285
1.27453
0.416257
0
0.510999
0.510999
0.510999
0.748354
0.510999
0.0957151
0
0
0.510999
1.27453
0
0
0.510999
0.0724197
0
0.510999
0
0
0.510999
0.512216
1.27453
0.331977
0
1.05422
0.510999
0.510999
0
0.510999
0
0
0.717026
1.27453
0.510999
0.372971
0.510999
0.28897
0
1.27453
0
0.959383
0.140576
1.27458
0
1.01403
0.171763
0.510999
0.202041
0.510999
0.510999
0.510999
0
0.374155
0.324192
0
0
0.357959
0
0
0.359419
0
0.224325
0
0.22459
0.985407
0.324786
0.890822
0
0.486832
0.368102
0.741722
0.343088
0
0.510999
0.396911
0.048854
0.510999
0
0.223383
0
0
0.189436
0
0.385373
0
0
1.27453
0.266459
0.378844
0
0.088429
0.333126
0.510999
0
0
0
0.510999
0.762867
0.510999
0.505476
0
0.36154
0
0.510999
0
0
0
1.27455
0.300606
0.0791009
0.510999
0
0.510999
1.27453
0.510999
0.510999
0.0164698
0.337228
0.510999
0.510999
0.510999
0
0
1.27453
0
0
0
0.510999
0.791446
0.83889
0.510999
1.09381
0
0.00179652
1.27453
0.510999
0
0.510999
0.789217
0.510999
0.510999
1.27453
0.249786
0.281938
0
0
0.204924
0.12199
0
0
0
0.25332
0.510999
0.510999
0.87632
1.18748
0
0.510999
0
0
1.27453
0.510999
0.748354
0.510999
0.0957151
0
0
0.510999
1.27453
0
0
0.510999
0.0724197
0
0.510999
0
0
0.510999
0.512216
1.27453
0.331977
0
1.05422
0.510999
0.510999
0
0.510999
0
0
0.717026
1.27453
0.510999
0.372971
0.510999
0.28897
0
1.27453
0
0.959383
0.140576
1.27458
0
1.01403
0.171763
0.510999
0.510999
0.14641
1.27453
0.510999
0.510999
0.157374
1.27453
0.510999
0
0.340289
0.510999
1.27453
0
0.510999
0
0.365072
0
0.00222123
0.300099
0.510999
0.308413
0.510999
0
0
0.510999
0.219957
1.27446
0.251879
0.0662327
0
0.709985
0.312181
0.510999
0.149435
0.207173
0
0
0.510999
0
0
0
0.32735
0.259684
0.510999
0.174063
0.266947
1.14081
0.510999
0
0.32221
0.326148
0
0.236146
0.196929
0
0.115749
0.199068
1.27453
0
0
0.510999
0.903177
0.252721
0
0
0
0
0.195741
0.559255
1.27453
0.141505
0.510999
0
1.27453
0
0.510999
0.510999
1.27453
0
0
0.23996
1.78553
0.510999
0.174334
0.510999
0
0.0254538
0
0.510999
0
0.25201
0.838096
0.259459
0.510999
0.200376
0.737735
0
0.176503
1.03774
0
0.510999
0.0819432
0
0.510999
0.510999
0
0.200248
0.499473
0.510999
0.159716
0.202122
0
0.23914
0.510999
0.243349
0.790728
0.228088
1.27453
0
0.0225007
0.187933
0.510999
0
0
0.189668
0
0.636148
0
0.510999
0.0832069
0.0997802
0
0
0.249282
0.944602
0
0
0
0
0
0.219835
0.35944
0.0252576
0
0.510999
0
0.563766
0.830441
0.820228
0
0
0.510999
0.131093
0.510999
0.510999
0.257384
0.366217
0
0
0.183433
0.510999
0.510999
0.510999
1.54644
0.588091
1.27452
0.605991
0.510999
0
1.27453
0.120051
0.282392
0
0.510999
0.186337
0.229168
0
0
0
0.947437
0.209753
0
0.476437
0.510999
0.510999
0
0.510999
0.366665
0
0
0.510999
0
0.510999
0
1.11507
0
0.730384
0.510999
1.27453
0.510999
0
0.165853
0.510999
0
0
0
0.510999
0
0
0.278235
0
0.100901
0
0.980712
0.510999
0
0
0
0.510999
0.285726
0.242465
0
0.501418
0.329339
0.510999
0.453419
0.510999
0.242254
0.510999
0.510999
0.510999
0.510999
0.283291
0
0
1.27453
0
0.510999
0
0.510999
0.510999
0
0
1.27453
0.510999
1.01563
0
0
0
0.510999
0.787248
0
0.904146
0.36443
0.321884
0.510999
0.15769
0
0
0.0957734
0
0.19285
1.27453
0.416257
0
0.510999
0.748354
0.510999
0.0957151
0
0
0.510999
1.27453
0
0
0.510999
0.0724197
0
0.510999
0
0
0.510999
0.512216
1.27453
0.331977
0
1.05422
0.510999
0.510999
0
0.510999
0
0
0.717026
1.27453
0.510999
0.372971
0.510999
0.28897
0
1.27453
0
0.959383
0.140576
1.27458
0
1.01403
0.171763
0.510999
0.202041
0.510999
0.510999
0.510999
0
0.374155
0.324192
0
0
0.357959
0
0
0.359419
0
0.224325
0
0.22459
0.985407
0.324786
0.890822
0
0.486832
0.368102
0.741722
0.343088
0
0.510999
0.396911
0.048854
0.510999
0
0.223383
0
0
0.189436
0
0.385373
0
0
1.27453
0.266459
0.378844
0
0.088429
0.333126
0.510999
0
0
0
0.510999
0.762867
0.510999
0.505476
0
0.36154
0
0.510999
0
0
0
1.27455
0.300606
0.0791009
0.510999
0
0.510999
1.27453
0.510999
0.510999
0.0164698
0.337228
0.510999
0.510999
0.510999
0
0
1.27453
0
0
0
0.510999
0.791446
0.83889
0.510999
1.09381
0
0.00179652
1.27453
0.510999
0
0.510999
0.789217
0.510999
0.510999
1.27453
0.249786
0.281938
0
0
0.204924
0.12199
0
0
0
0.25332
0.510999
0.510999
0.87632
1.18748
0
0.510999
0
0
1.27453
0
0
0.510999
0.510999
0.202041
0.510999
0.510999
0.510999
0
0.374155
0.324192
0
0
0.357959
0
0
0.359419
0
0.224325
0
0.22459
0.985407
0.324786
0.890822
0
0.486832
0.368102
0.741722
0.343088
0
0.510999
0.396911
0.048854
0.510999
0
0.223383
0
0
0.189436
0
0.510999
0.510999
0.14641
1.27453
0.510999
0.510999
0.157374
1.27453
0.510999
0
0.340289
0.510999
1.27453
0
0.510999
0
0.365072
0
0.00222123
0.300099
0.510999
0.308413
0.510999
0
0
0.510999
0.219957
1.27446
0.251879
0.0662327
0
0.709985
0.312181
0.510999
0.149435
0.207173
0
0
0.510999
0
0
0
0.32735
0.259684
0.510999
0.174063
0.266947
0
0.393032
0
1.14081
0.510999
0
0.32221
0.326148
0
0.236146
0.196929
0
0.115749
0.199068
1.27453
0
0
0.510999
0.903177
0.252721
0
0
0
0
0.195741
0.559255
1.27453
0.141505
0.510999
0
1.27453
0
0.510999
0.510999
1.27453
0
0
0.23996
1.78553
0.510999
0.174334
0.510999
0
0.0254538
0
0.510999
0
0.25201
0.838096
0.259459
0.510999
0.200376
0.737735
0
0.176503
1.03774
0
0.510999
0.0819432
0
0.510999
0.510999
0
0.200248
0.499473
0.510999
0.159716
0.202122
0
0.23914
0.510999
0.243349
0.790728
0.228088
1.27453
0
0.0225007
0.187933
0.510999
0
0
0.189668
0
0.636148
0
0.510999
0.0832069
0.0997802
0
0
0.249282
0.944602
0
0
0
0
0
0.219835
0.35944
0.0252576
0
0.510999
0
0.563766
0.830441
0.820228
0
0
0.510999
0.131093
0.510999
0.510999
0.257384
0.366217
0
0
0.183433
0.510999
0.510999
0.510999
1.54644
0.588091
1.27452
0.605991
0.510999
0
1.27453
0.120051
0.282392
0
0.510999
0.186337
0.229168
0
0
0
0.947437
0.209753
0
0.476437
0.510999
0.510999
0
0.510999
0.366665
0
0
0.510999
0
0.510999
0
1.11507
0
0.730384
0.510999
1.27453
0.510999
0
0.165853
0.510999
0
0
0
0.510999
0
0
0.278235
0
0.100901
0
0.980712
0.510999
0
0
0
0.510999
0.285726
0.242465
0
0.501418
0.329339
0.510999
0.453419
0.510999
0.242254
0.510999
0.510999
0.510999
0.510999
0.283291
0
0
1.27453
0
0.510999
0
0.510999
0.510999
0
0
1.27453
0.510999
1.01563
0
0
0
0.510999
0.787248
0
0.904146
0.36443
0.321884
0.510999
0.15769
0
0
0.0957734
0
0.19285
1.27453
0.416257
0
0.510999
0.510999
0.510999
0.748354
0.510999
0.0957151
0
0
0.510999
1.27453
0
0
0.510999
0.0724197
0
0.510999
0
0
0.510999
0.512216
1.27453
0.331977
0
1.05422
0.510999
0.510999
0
0.510999
0
0
0.717026
1.27453
0.510999
0.372971
0.510999
0.28897
0
1.27453
0
0.959383
0.140576
1.27458
0
1.01403
0.510999
0.202041
0.510999
0.510999
0.510999
0
0.374155
0.324192
0
0
0.357959
0
0
0.359419
0
0.224325
0
0.22459
0.985407
0.324786
0.890822
0
0.486832
0.368102
0.741722
0.343088
0
0.510999
0.396911
0.048854
0.510999
0
0.223383
0
0
0.189436
0
0.385373
0
0
1.27453
0.266459
0.378844
0
0.088429
0.333126
0.510999
0
0
0
0.510999
0.762867
0.510999
0.505476
0
0.36154
0
0.510999
0
0
0
1.27455
0.300606
0.0791009
0.510999
0
0.510999
1.27453
0.510999
0.510999
0.0164698
0.337228
0.510999
0.510999
0.510999
0
1.27453
0
0
0
0.510999
0.791446
0.83889
0.510999
1.09381
0
0.00179652
1.27453
0.510999
0
0.510999
0.789217
0.510999
0.510999
1.27453
0.249786
0.281938
0
0
0.204924
0.12199
0
0
0
0.25332
0.510999
0.510999
0.87632
1.18748
0
0.510999
0
0
1.27453
0
0
0.510999
1.27453
0.385373
0
0
1.27453
0.266459
0.378844
0
0.088429
0.333126
0.510999
0
0
0
0.510999
0.762867
0.510999
0.505476
0
0.36154
0
0.510999
0
0
0
1.27455
0.300606
0.0791009
0.510999
0
0.510999
1.27453
0.510999
0.510999
0.0164698
0.337228
0.510999
0.510999
0.510999
0.510999
0.510999
0.14641
1.27453
0.510999
0.510999
0.157374
1.27453
0.510999
0
0.340289
0.510999
1.27453
0
0.510999
0
0.365072
0
0.00222123
0.300099
0.510999
0.308413
0.510999
0
0
0.510999
0.219957
1.27446
0.251879
0.0662327
0
0.709985
0.312181
0.510999
0.149435
0.207173
0
0
0.510999
0
0
0
0.32735
0.259684
0.510999
0.174063
0.266947
0
0.393032
0
0.510999
1.14081
0.510999
0
0.32221
0.326148
0
0.236146
0.196929
0
0.115749
0.199068
1.27453
0
0
0.510999
0.903177
0.252721
0
0
0
0
0.195741
0.559255
1.27453
0.141505
0.510999
0
1.27453
0
0.510999
0.510999
1.27453
0
0
0.23996
1.78553
0.510999
0.174334
0.510999
0
0.0254538
0
0.510999
0
0.25201
0.838096
0.259459
0.510999
0.200376
0.737735
0
0.176503
1.03774
0
0.510999
0.0819432
0
0.510999
0.510999
0
0.200248
0.499473
0.510999
0.159716
0.202122
0
0.23914
0.510999
0.243349
0.790728
0.228088
1.27453
0
0.379166
0.0225007
0.187933
0.510999
0
0
0.189668
0
0.636148
0
0.510999
0.0832069
0.0997802
0
0
0.249282
0.944602
0
0
0
0
0
0.219835
0.35944
0.0252576
0
0.510999
0
0.563766
0.830441
0.820228
0
0
0.510999
0.131093
0.510999
0.510999
0.257384
0.366217
0
0
0.183433
0.510999
0.510999
0.510999
1.54644
0.588091
1.27452
0.605991
0.510999
0
1.27453
0.120051
0.282392
0
0.510999
0.186337
0.229168
0
0
0
0.947437
0.209753
0
0.476437
0.510999
0.510999
0
0.510999
0.366665
0
0
0.510999
0
0.510999
0
1.11507
0
0.730384
0.510999
1.27453
0.510999
0
0.165853
0.510999
0
0
0
0.510999
0
0
0.278235
0
0.100901
0
0.980712
0.510999
0
0
0
0.303556
0.510999
0.285726
0.242465
0
0.501418
0.329339
0.510999
0.453419
0.510999
0.242254
0.510999
0.510999
0.510999
0.510999
0.283291
0
0
1.27453
0
0.510999
0
0.510999
0.510999
0
0
1.27453
0.510999
1.01563
0
0
0
0.510999
0.787248
0
0.904146
0.36443
0.321884
0.510999
0.15769
0
0
0.0957734
0
0.19285
1.27453
0.416257
0
0.510999
0.748354
0.510999
0.0957151
0
0
0.510999
1.27453
0
0
0.510999
0.0724197
0
0.510999
0
0
0.510999
0.512216
1.27453
0.331977
0
1.05422
0.510999
0.510999
0
0.510999
0
0
0.717026
1.27453
0.510999
0.372971
0.510999
0.28897
0
1.27453
0
0.959383
0.140576
1.27458
0
1.01403
0.510999
0.202041
0.510999
0.510999
0.510999
0
0.374155
0.324192
0
0
0.357959
0
0
0.359419
0
0.224325
0
0.22459
0.985407
0.324786
0.890822
0
0.486832
0.368102
0.741722
0.343088
0
0.510999
0.396911
0.048854
0.510999
0
0.223383
0
0
0.189436
0
0.385373
0
0
1.27453
0.266459
0.378844
0
0.088429
0.333126
0.510999
0
0
0
0.510999
0.762867
0.510999
0.505476
0
0.36154
0
0.510999
0
0
0
1.27455
0.300606
0.0791009
0.510999
0
0.510999
1.27453
0.510999
0.510999
0.0164698
0.337228
0.510999
0.510999
0.510999
0
1.27453
0
0
0
0.510999
0.791446
0.83889
0.510999
1.09381
0
0.00179652
1.27453
0.510999
0
0.510999
0.789217
0.510999
0.510999
1.27453
0.249786
0.281938
0
0
0.204924
0.12199
0
0
0
0.25332
0.510999
0.510999
0.87632
1.18748
0
0.510999
0
0
1.27453
0
0
0.510999
0
1.27453
0
0
0
0.510999
0.791446
0.83889
0.510999
1.09381
0
0.00179652
1.27453
0.510999
0
0.510999
0.789217
0.510999
0.510999
1.27453
0.249786
0.281938
0
0
0.204924
0.12199
0
0
0
0.25332
0.510999
0.510999
0.87632
1.18748
0
0.510999
0
0
1.27453
0
0
0.510999
