0.326452
0.510999
0.510999
0
0
0.297481
0.833215
0
0.417241
0.510999
0.510999
0.357088
0.207084
0.510999
0
1.27451
0.783223
0.0472399
0.356656
0.510999
0
0
0.135686
0
1.27455
0.510999
0
0.187038
0.510999
1.0059
0
0.510999
0
0
0.510999
0.114917
0
0.332679
0
0
0.510999
0
0.326452
0.510999
0.510999
0
0
0.297481
0.833215
0
0.417241
0.510999
0.510999
0.357088
0.207084
0.510999
0
1.27451
0.783223
0.0472399
0.356656
0.510999
0
0
0.135686
0
1.27455
0.510999
0
0.187038
0.510999
1.0059
0
0.510999
0
0
0.510999
0.114917
0
0.332679
0
0
0.510999
0
0.341238
1.27453
0.314944
0
0.510999
0
0.510999
1.27453
0.826254
0
0
0.310446
0
0.255426
0
0.510999
1.27453
0
0
0
0.0342687
1.27453
0
1.27453
1.27453
0.510999
0.022615
0
0.510999
0.510999
0.510999
0
0
0
0
0
0.233005
1.27453
0
1.27453
0.510999
0.0368701
0
0
0.510999
0.510999
0.228181
0.18849
0.462681
0.510999
0
0.203198
0
0.44088
0.173088
0
0.248259
0.510999
0.510999
0.189894
0.510999
0
0.238668
0
0.510999
0
0
0.510999
0.666685
1.27453
0.510999
0
0
0
0
1.78549
0.440032
0.510999
0
0
0
1.27445
0
1.27453
0.118729
0.510999
0.226917
0
0.963835
0
0
0
0.252019
0.157342
0.0687959
1.27453
0.262471
0
0.595746
1.27453
0.1474
0.510999
0
0.387867
0
0.176736
0.393327
0
0.346834
0
0.317221
0.935514
0
0
0.510999
0
0.213073
0
0.111613
0
0.510999
0
0
0.510999
0.228642
0.619193
0.510999
0.0547316
0.975535
0
0.385934
0
0.510999
0.510999
0.334862
0
0.181293
0.338645
1.78553
0
0
0
1.96577
0.510999
0.402401
0
0.174279
0
0.228719
0
0.510999
0.510999
0.60674
0.170498
0
0.316791
0.4014
0.0595077
0.510999
0
0.000343667
0.376775
0.510999
0
1.27453
0.510999
0.510999
0.0728616
0
0.188237
0
0.510999
0.939526
0.179127
0.861108
0.217969
0
0.176223
0.631309
1.27453
0.454259
0
0.383293
0.510999
0.36623
0
0.0410773
0.0512857
1.27453
0.066304
0.510999
0
0.262163
0
0
0.193748
0.42773
0.195955
0
0.510999
0.510999
0.380856
0
0.510999
1.27453
0.510999
0.329025
0
0.510999
0.510999
0.153999
0.248093
0.510999
0.246089
0.215196
0.550824
0.510999
0
0.510999
0
0
0.510999
0
0.149818
0
1.27453
0
0
0.212121
0.193422
0.435807
0.671039
0.510999
0
0
0.221334
0.147274
0
0.510999
0.481904
0.313447
0.24712
0.510999
0.510999
0
0.259057
0.510999
0
0
0
0.510999
0
0.892932
0.263889
1.27453
0.833074
0
0.510999
0.438013
0
0.22877
0.982454
0
0.2518
0
0.510999
0
0.510999
0.510999
1.27453
0.510999
1.27453
0
1.27453
0.00591586
0.422709
0
0.510999
0.153745
0
0.233515
0
0
0.510999
0
0
0.510999
0.299752
0.31293
0.112019
0.528877
0.0641475
0.121883
0.897775
0
1.27453
0.510999
1.27453
0.235071
0
0.657712
0.510999
0.510999
0.459898
0.510999
0
0
0
0.0771976
0.0720354
0
0
0.510999
0.344016
0
0.15769
0
0.510999
0
0.510999
1.27453
0.359566
0
1.72163
0.359559
0
0.661452
0
0.168595
1.27451
0.510999
0
0.328687
0.357137
0
0
0
0.245442
0.245738
0
1.27453
0
0.0959681
0.510999
0
0.0268021
0
0.687591
0.200452
0.510999
0.510999
1.27453
0.352265
1.27453
0
1.60875
0.0571826
1.27453
0.414789
0.456977
0.510999
0
0.510999
0
0.00120283
0
0.0947074
0.510999
0.510999
0
0
0.510999
0
0.341238
1.27453
0.314944
0
0.510999
0
0.510999
1.27453
0.826254
0
0
0.310446
0
0.255426
0
0.510999
1.27453
0
0
0
0.0342687
1.27453
0
1.27453
1.27453
0.510999
0.022615
0
0.510999
0.510999
0.510999
0
0
0
0
0
0.233005
1.27453
0
1.27453
0.510999
0.0368701
0
0
0.510999
0.510999
0.228181
0.326452
0.510999
0.510999
0
0
0.297481
0.833215
0
0.417241
0.510999
0.510999
0.357088
0.207084
0.510999
0
1.27451
0.783223
0.0472399
0.356656
0.510999
0
0
0.135686
0
1.27455
0.510999
0
0.187038
0.510999
1.0059
0
0.510999
0
0
0.510999
0.114917
0
0.332679
0
0
0.510999
0
0.341238
1.27453
0.314944
0
0.510999
0
0.510999
1.27453
0.826254
0
0
0.310446
0
0.255426
0
0.510999
1.27453
0
0
0
0.0342687
1.27453
0
1.27453
1.27453
0.510999
0.022615
0
0.510999
0.510999
0.510999
0
0
0
0
0
0.233005
1.27453
0
1.27453
0.510999
0.0368701
0
0
0.510999
0.510999
0.228181
0.18849
0.462681
0.510999
0
0.203198
0
0.44088
0.173088
0
0.248259
0.510999
0.510999
0.189894
0.510999
0
0.238668
0
0.510999
0
0
0.510999
0.666685
1.27453
0.510999
0
0
0
0
1.78549
0.440032
0.510999
0
0
0
1.27445
0
1.27453
0.118729
0.510999
0.226917
0
0.963835
0
0
0
0
0.252019
0.157342
0.0687959
1.27453
0.262471
0
0.595746
1.27453
0.1474
0.510999
0
0.387867
0
0.176736
0.393327
0
0.346834
0
0.317221
0.935514
0
0
0.510999
0
0.213073
0
0.111613
0
0.510999
0
0
0.510999
0.228642
0.619193
0.510999
0.0547316
0.975535
0
0.385934
0
0.510999
0.510999
0.334862
0
0.181293
0.338645
1.78553
0
0
0
1.96577
0.510999
0.402401
0
0.174279
0
0.228719
0
0.510999
0.510999
0.60674
0.170498
0
0.316791
0.4014
0.0595077
0.510999
0
0.000343667
0.376775
0.510999
0
1.27453
0.510999
0.510999
0.0728616
0
0.188237
0
0.510999
0.939526
0.179127
0.861108
0.217969
0
0.176223
0.631309
1.27453
0.454259
0
0.383293
0.510999
0.36623
0
0.0410773
0.0512857
1.27453
0.066304
0.510999
0
0.262163
0
0
0.193748
0.42773
0.195955
0
0.510999
0.510999
0.380856
0
0.510999
1.27453
0.510999
0.329025
0
0.510999
0.510999
0.153999
0.248093
0.183875
0.423042
0
0.510999
0.246089
0.215196
0.550824
0.510999
0
0.510999
0
0
0.510999
0
0.149818
0
1.27453
0
0
0.212121
0.193422
0.435807
0.671039
0.510999
0
0
0.221334
0.147274
0
0.510999
0.481904
0.313447
0.24712
0.510999
0.510999
0
0.259057
0.510999
0
0
0
0.510999
0
0.892932
0.263889
1.27453
0.833074
0
0.510999
0.438013
0
0.22877
1.27453
0.370705
0.375475
0.153039
1.27453
0.510999
0.982454
0
0.2518
0
0.510999
0
0.510999
0.510999
1.27453
0.510999
1.27453
0
1.27453
0.00591586
0.422709
0
0.510999
0.153745
0
0.233515
0
0
0.510999
0
0
0.510999
0.299752
0.31293
0.112019
0.528877
0.0641475
0.121883
0.897775
0
1.27453
0.510999
1.27453
0.328424
0
0
0.235071
0
0.657712
0.510999
0.510999
0.459898
0.510999
0
0
0
0.0771976
0.0720354
0
0
0.510999
0.344016
0
0.15769
0
0.510999
0
0.510999
1.27453
0.359566
0
1.72163
0.359559
0
0.661452
0
0.168595
1.27451
0.510999
0
0.328687
0.357137
0
0
0
0.245442
0.245738
0
1.27453
0
0.0959681
0.510999
0
0.0268021
0
0.687591
0.200452
0.510999
0.510999
1.27453
0.352265
1.27453
0
1.60875
0.0571826
1.27453
0.414789
0.456977
0.510999
0
0.510999
0
0.00120283
0
0.0947074
0.510999
0.510999
0
0
0.510999
0
0.18849
0.462681
0.510999
0
0.203198
0
0.44088
0.173088
0
0.248259
0.510999
0.510999
0.189894
0.510999
0
0.238668
0
0.510999
0
0
0.510999
0.666685
1.27453
0.510999
0
0
0
0
1.78549
0.440032
0.510999
0
0
0
1.27445
0
1.27453
0.118729
0.510999
0.226917
0
0.963835
0.326452
0.510999
0.510999
0
0
0.297481
0.833215
0
0.417241
0.510999
0.510999
0.357088
0.207084
0.510999
0
1.27451
0.783223
0.0472399
0.356656
0.510999
0
0
0.135686
0
1.27455
0.510999
0
0.187038
0.510999
1.0059
0
0.510999
0
0
0.510999
0.114917
0
0.332679
0
0
0.510999
0.341238
1.27453
0.314944
0
0.510999
0
0.510999
1.27453
0.826254
0
0
0.310446
0
0.255426
0
0.510999
1.27453
0
0
0
0.0342687
1.27453
0
1.27453
1.27453
0.510999
0.022615
0
0.510999
0.510999
0.510999
0
0
0
0
0
0.233005
1.27453
0
1.27453
0.510999
0.0368701
0
0
0.18849
0.462681
0.510999
0
0.203198
0
0.44088
0.173088
0
0.248259
0.510999
0.510999
0.189894
0.510999
0
0.238668
0
0.510999
0
0
0.510999
0.666685
1.27453
0.510999
0
0
0
0
1.78549
0.440032
0.510999
0
0
0
1.27445
0
1.27453
0.118729
0.510999
0.226917
0
0.963835
0
0
0
0
0.252019
0.157342
0.0687959
1.27453
0.262471
0
0.595746
1.27453
0.1474
0.510999
0
0.387867
0
0.176736
0.393327
0
0.346834
0
0.317221
0.935514
0
0
0.510999
0
0.213073
0
0.111613
0
0.510999
0
0
0.510999
0.228642
0.619193
0.510999
0.0547316
0.975535
0
0.385934
0
0.510999
0.510999
0.334862
0
0.181293
0.338645
1.78553
0
0
0
1.96577
0.510999
0.402401
0
0.174279
0
0.228719
0
0.510999
0.510999
0.60674
0.170498
0
0.316791
0.4014
0.0595077
0.510999
0
0.000343667
0.376775
0.510999
0
1.27453
0.510999
0.510999
0.0728616
0.188237
0
0.510999
0.939526
0.179127
0.861108
0.217969
0
0.176223
0.631309
1.27453
0.454259
0
0.383293
0.510999
0.36623
0
0.0410773
0.0512857
1.27453
0.066304
0.510999
0
0.262163
0
0
0.193748
0.42773
0.195955
0
0.510999
0.510999
0.380856
0
0.510999
1.27453
0.510999
0.329025
0
0.510999
0.510999
0.510999
0.246089
0.215196
0.550824
0.510999
0
0.510999
0
0
0.510999
0
0.149818
0
1.27453
0
0
0.212121
0.193422
0.435807
0.671039
0.510999
0
0
0.221334
0.147274
0
0.510999
0.481904
0.313447
0.24712
0.510999
0.510999
0
0.259057
0.510999
0
0
0
0.510999
0
0.892932
0.263889
1.27453
0.833074
0
0.510999
0.438013
0
0.22877
1.27453
0.370705
0.982454
0
0.2518
0
0.510999
0
0.510999
0.510999
1.27453
0.510999
1.27453
0
1.27453
0.00591586
0.422709
0
0.510999
0.153745
0
0.233515
0
0
0.510999
0
0
0.510999
0.299752
0.31293
0.112019
0.528877
0.0641475
0.121883
0.897775
0
1.27453
0.510999
1.27453
0.235071
0
0.657712
0.510999
0.510999
0.459898
0.510999
0
0
0
0.0771976
0.0720354
0
0
0.510999
0.344016
0
0.15769
0
0.510999
0
0.510999
1.27453
0.359566
0
1.72163
0.359559
0
0.661452
0
0.168595
1.27451
0.510999
0.357137
0
0
0
0.245442
0.245738
0
1.27453
0
0.0959681
0.510999
0
0.0268021
0
0.687591
0.200452
0.510999
0.510999
1.27453
0.352265
1.27453
0
1.60875
0.0571826
1.27453
0.414789
0.456977
0.510999
0
0.510999
0
0.00120283
0
0.0947074
0.510999
0.510999
0
0
0.510999
0
0
0
0
0.252019
0.157342
0.0687959
1.27453
0.262471
0
0.595746
1.27453
0.1474
0.510999
0
0.387867
0
0.176736
0.393327
0
0.346834
0
0.317221
0.935514
0
0
0.510999
0
0.213073
0
0.111613
0
0.510999
0
0
0.510999
0.228642
0.619193
0.510999
0.0547316
0.613797
0.510999
0.326452
0.510999
0.510999
0
0
0.297481
0.833215
0
0.417241
0.510999
0.510999
0.357088
0.207084
0.510999
0
1.27451
0.783223
0.0472399
0.356656
0.510999
0
0
0.135686
0
1.27455
0.510999
0
0.187038
0.510999
1.0059
0
0.510999
0
0
0.510999
0.114917
0
0.332679
0
0
0.510999
0
0.341238
1.27453
0.314944
0
0.510999
0
0.510999
1.27453
0.826254
0
0
0.310446
0
0.255426
0
0.510999
1.27453
0
0
0
0.0342687
1.27453
0
1.27453
1.27453
0.510999
0.022615
0
0.510999
0.510999
0.510999
0
0
0
0
0
0.233005
1.27453
0
1.27453
0.510999
0.0368701
0
0
0.510999
0.510999
0.228181
0.18849
0.462681
0.510999
0
0.203198
0
0.44088
0.173088
0
0.248259
0.510999
0.510999
0.189894
0.510999
0
0.238668
0
0.510999
0
0
0.510999
0.666685
1.27453
0.510999
0
0
0
0
1.78549
0.440032
0.510999
0
0
0
1.27445
0
1.27453
0.118729
0.510999
0.226917
0
0.963835
0
0
0
0.252019
0.157342
0.0687959
1.27453
0.262471
0
0.595746
1.27453
0.1474
0.510999
0
0.387867
0
0.176736
0.393327
0
0.346834
0
0.317221
0.935514
0
0
0.510999
0
0.213073
0
0.111613
0
0.510999
0
0
0.510999
0.228642
0.619193
0.510999
0.0547316
0.613797
0.510999
0.975535
0
0.385934
0
0.510999
0.510999
0.334862
0
0.181293
0.338645
1.78553
0
0
0
1.96577
0.510999
0.402401
0
0.174279
0
0.228719
0
0.510999
0.510999
0.60674
0.170498
0
0.316791
0.4014
0.0595077
0.510999
0
0.000343667
0.376775
0.510999
0
1.27453
0.510999
0.510999
0.0728616
0.188237
0
0.510999
0.939526
0.179127
0.861108
0.217969
0
0.176223
0.631309
1.27453
0.454259
0
0.383293
0.510999
0.36623
0
0.0410773
0.0512857
1.27453
0.066304
0.510999
0
0.262163
0
0
0.193748
0.42773
0.195955
0
0.510999
0.510999
0.380856
0
0.510999
1.27453
0.510999
0.329025
0
0.510999
0.510999
0.153999
0.248093
0.183875
0.423042
0.510999
0.246089
0.215196
0.550824
0.510999
0
0.510999
0
0
0.510999
0
0.149818
0
1.27453
0
0
0.212121
0.193422
0.435807
0.671039
0.510999
0
0
0.221334
0.147274
0
0.510999
0.481904
0.313447
0.24712
0.510999
0.510999
0
0.259057
0.510999
0
0
0
0.510999
0
0.892932
0.263889
1.27453
0.833074
0
0.510999
0.438013
0
0.22877
0.982454
0
0.2518
0
0.510999
0
0.510999
0.510999
1.27453
0.510999
1.27453
0
1.27453
0.00591586
0.422709
0
0.510999
0.153745
0
0.233515
0
0
0.510999
0
0
0.510999
0.299752
0.31293
0.112019
0.528877
0.0641475
0.121883
0.897775
0
1.27453
0.510999
1.27453
0.328424
0.235071
0
0.657712
0.510999
0.510999
0.459898
0.510999
0
0
0
0.0771976
0.0720354
0
0
0.510999
0.344016
0
0.15769
0
0.510999
0
0.510999
1.27453
0.359566
0
1.72163
0.359559
0
0.661452
0
0.168595
1.27451
0.510999
0.357137
0
0
0
0.245442
0.245738
0
1.27453
0
0.0959681
0.510999
0
0.0268021
0
0.687591
0.200452
0.510999
0.510999
1.27453
0.352265
1.27453
0
1.60875
0.0571826
1.27453
0.414789
0.456977
0.510999
0
0.510999
0
0.00120283
0
0.0947074
0.510999
0.510999
0
0
0.510999
0.975535
0
0.385934
0
0.510999
0.510999
0.334862
0
0.181293
0.338645
1.78553
0
0
0
1.96577
0.510999
0.402401
0
0.174279
0
0.228719
0
0.510999
0.510999
0.60674
0.170498
0
0.316791
0.4014
0.0595077
0.510999
0
0.000343667
0.376775
0.510999
0
1.27453
0.510999
0.510999
0.0728616
0.326452
0.510999
0.510999
0
0
0.297481
0.833215
0
0.417241
0.510999
0.510999
0.357088
0.207084
0.510999
0
1.27451
0.783223
0.0472399
0.356656
0.510999
0
0
0.135686
0
1.27455
0.510999
0
0.187038
0.510999
1.0059
0
0.510999
0
0
0.510999
0.114917
0
0.332679
0
0
0.510999
0
0.341238
1.27453
0.314944
0
0.510999
0
0.510999
1.27453
0.826254
0
0
0.310446
0
0.255426
0
0.510999
1.27453
0
0
0
0.0342687
1.27453
0
1.27453
1.27453
0.510999
0.022615
0
0.510999
0.510999
0.510999
0
0
0
0
0
0.233005
1.27453
0
1.27453
0.510999
0.0368701
0
0
0.510999
0.510999
0.228181
0.18849
0.462681
0.510999
0
0.203198
0
0.44088
0.173088
0
0.248259
0.510999
0.510999
0.189894
0.510999
0
0.238668
0
0.510999
0
0
0.510999
0.666685
1.27453
0.510999
0
0
0
0
1.78549
0.440032
0.510999
0
0
0
1.27445
0
1.27453
0.118729
0.510999
0.226917
0
0.963835
0
0
0
0.252019
0.157342
0.0687959
1.27453
0.262471
0
0.595746
1.27453
0.1474
0.510999
0
0.387867
0
0.176736
0.393327
0
0.346834
0
0.317221
0.935514
0
0
0.510999
0
0.213073
0
0.111613
0
0.510999
0
0
0.510999
0.228642
0.619193
0.510999
0.0547316
0.975535
0
0.385934
0
0.510999
0.510999
0.334862
0
0.181293
0.338645
1.78553
0
0
0
1.96577
0.510999
0.402401
0
0.174279
0
0.228719
0
0.510999
0.510999
0.60674
0.170498
0
0.316791
0.4014
0.0595077
0.510999
0
0.000343667
0.376775
0.510999
0
1.27453
0.510999
0.188237
0
0.510999
0.939526
0.179127
0.861108
0.217969
0
0.176223
0.631309
1.27453
0.454259
0
0.383293
0.510999
0.36623
0
0.0410773
0.0512857
1.27453
0.066304
0.510999
0
0.262163
0
0
0.193748
0.42773
0.195955
0
0.510999
0.510999
0.380856
0
0.510999
1.27453
0.510999
0.329025
0
0.510999
0.510999
0.246089
0.215196
0.550824
0.510999
0
0.510999
0
0
0.510999
0
0.149818
0
1.27453
0
0
0.212121
0.193422
0.435807
0.671039
0.510999
0
0
0.221334
0.147274
0
0.510999
0.481904
0.313447
0.24712
0.510999
0.510999
0
0.259057
0.510999
0
0
0
0.510999
0
0.892932
0.263889
1.27453
0.833074
0
0.510999
0.438013
0
0.22877
1.27453
0.370705
0.375475
0.153039
1.27453
0.510999
0.982454
0
0.2518
0
0.510999
0
0.510999
0.510999
1.27453
0.510999
1.27453
0
1.27453
0.00591586
0.422709
0
0.510999
0.153745
0
0.233515
0
0
0.510999
0
0
0.510999
0.299752
0.31293
0.112019
0.528877
0.0641475
0.121883
0.897775
0
1.27453
0.510999
1.27453
0.235071
0
0.657712
0.510999
0.510999
0.459898
0.510999
0
0
0
0.0771976
0.0720354
0
0
0.510999
0.344016
0
0.15769
0
0.510999
0
0.510999
1.27453
0.359566
0
1.72163
0.359559
0
0.661452
0
0.168595
1.27451
0.510999
0.357137
0
0
0
0.245442
0.245738
0
1.27453
0
0.0959681
0.510999
0
0.0268021
0
0.687591
0.200452
0.510999
0.510999
1.27453
0.352265
1.27453
0
1.60875
0.0571826
1.27453
0.414789
0.456977
0.510999
0
0.510999
0
0.00120283
0
0.0947074
0.510999
0.510999
0
0
0.510999
0
0.188237
0
0.510999
0.939526
0.179127
0.861108
0.217969
0
0.176223
0.631309
1.27453
0.454259
0
0.383293
0.510999
0.36623
0
0.0410773
0.0512857
1.27453
0.066304
0.510999
0
0.262163
0
0
0.193748
0.42773
0.195955
0
0.510999
0.510999
0.380856
0
0.510999
1.27453
0.510999
0.329025
0
0.510999
0.510999
0.326452
0.510999
0.510999
0
0
0.297481
0.833215
0
0.417241
0.510999
0.510999
0.357088
0.207084
0.510999
0
1.27451
0.783223
0.0472399
0.356656
0.510999
0
0
0.135686
0
1.27455
0.510999
0
0.187038
0.510999
1.0059
0
0.510999
0
0
0.510999
0.114917
0
0.332679
0
0
0.510999
0
0.510999
0.295862
0.341238
1.27453
0.314944
0
0.510999
0
0.510999
1.27453
0.826254
0
0
0.310446
0
0.255426
0
0.510999
1.27453
0
0
0
0.0342687
1.27453
0
1.27453
1.27453
0.510999
0.022615
0
0.510999
0.510999
0.510999
0
0
0
0
0
0.233005
1.27453
0
1.27453
0.510999
0.0368701
0
0
0.510999
0.510999
0.228181
0
0.18849
0.462681
0.510999
0
0.203198
0
0.44088
0.173088
0
0.248259
0.510999
0.510999
0.189894
0.510999
0
0.238668
0
0.510999
0
0
0.510999
0.666685
1.27453
0.510999
0
0
0
0
1.78549
0.440032
0.510999
0
0
0
1.27445
0
1.27453
0.118729
0.510999
0.226917
0
0.963835
0
0
0
0
0.252019
0.157342
0.0687959
1.27453
0.262471
0
0.595746
1.27453
0.1474
0.510999
0
0.387867
0
0.176736
0.393327
0
0.346834
0
0.317221
0.935514
0
0
0.510999
0
0.213073
0
0.111613
0
0.510999
0
0
0.510999
0.228642
0.619193
0.510999
0.0547316
0.613797
0.510999
0.975535
0
0.385934
0
0.510999
0.510999
0.334862
0
0.181293
0.338645
1.78553
0
0
0
1.96577
0.510999
0.402401
0
0.174279
0
0.228719
0
0.510999
0.510999
0.60674
0.170498
0
0.316791
0.4014
0.0595077
0.510999
0
0.000343667
0.376775
0.510999
0
1.27453
0.510999
0.510999
0.0728616
0.188237
0
0.510999
0.939526
0.179127
0.861108
0.217969
0
0.176223
0.631309
1.27453
0.454259
0
0.383293
0.510999
0.36623
0
0.0410773
0.0512857
1.27453
0.066304
0.510999
0
0.262163
0
0
0.193748
0.42773
0.195955
0
0.510999
0.510999
0.380856
0
0.510999
1.27453
0.510999
0.329025
0
0.510999
0.510999
0.153999
0.510999
0.246089
0.215196
0.550824
0.510999
0
0.510999
0
0
0.510999
0
0.149818
0
1.27453
0
0
0.212121
0.193422
0.435807
0.671039
0.510999
0
0
0.221334
0.147274
0
0.510999
0.481904
0.313447
0.24712
0.510999
0.510999
0
0.259057
0.510999
0
0
0
0.510999
0
0.892932
0.263889
1.27453
0.833074
0
0.510999
0.438013
0
0.22877
1.27453
0.370705
0.375475
0.153039
1.27453
0.982454
0
0.2518
0
0.510999
0
0.510999
0.510999
1.27453
0.510999
1.27453
0
1.27453
0.00591586
0.422709
0
0.510999
0.153745
0
0.233515
0
0
0.510999
0
0
0.510999
0.299752
0.31293
0.112019
0.528877
0.0641475
0.121883
0.897775
0
1.27453
0.510999
1.27453
0.235071
0
0.657712
0.510999
0.510999
0.459898
0.510999
0
0
0
0.0771976
0.0720354
0
0
0.510999
0.344016
0
0.15769
0
0.510999
0
0.510999
1.27453
0.359566
0
1.72163
0.359559
0
0.661452
0
0.168595
1.27451
0.510999
0
0.328687
0.357137
0
0
0
0.245442
0.245738
0
1.27453
0
0.0959681
0.510999
0
0.0268021
0
0.687591
0.200452
0.510999
0.510999
1.27453
0.352265
1.27453
0
1.60875
0.0571826
1.27453
0.414789
0.456977
0.510999
0
0.510999
0
0.00120283
0
0.0947074
0.510999
0.510999
0
0.510999
0.246089
0.215196
0.550824
0.510999
0
0.510999
0
0
0.510999
0
0.149818
0
1.27453
0
0
0.212121
0.193422
0.435807
0.671039
0.510999
0
0
0.221334
0.147274
0
0.510999
0.481904
0.313447
0.24712
0.510999
0.510999
0
0.259057
0.510999
0
0
0
0.510999
0
0.892932
0.263889
1.27453
0.833074
0
0.510999
0.438013
0
0.22877
1.27453
0.326452
0.510999
0.510999
0
0
0.297481
0.833215
0
0.417241
0.510999
0.510999
0.357088
0.207084
0.510999
0
1.27451
0.783223
0.0472399
0.356656
0.510999
0
0
0.135686
0
1.27455
0.510999
0
0.187038
0.510999
1.0059
0
0.510999
0
0
0.510999
0.114917
0
0.332679
0
0
0.341238
1.27453
0.314944
0
0.510999
0
0.510999
1.27453
0.826254
0
0
0.310446
0
0.255426
0
0.510999
1.27453
0
0
0
0.0342687
1.27453
0
1.27453
1.27453
0.510999
0.022615
0
0.510999
0.510999
0.510999
0
0
0
0
0
0.233005
1.27453
0
1.27453
0.510999
0.0368701
0
0
0.510999
0.510999
0.228181
0
0.18849
0.462681
0.510999
0
0.203198
0
0.44088
0.173088
0
0.248259
0.510999
0.510999
0.189894
0.510999
0
0.238668
0
0.510999
0
0
0.510999
0.666685
1.27453
0.510999
0
0
0
0
1.78549
0.440032
0.510999
0
0
0
1.27445
0
1.27453
0.118729
0.510999
0.226917
0
0
0
0.252019
0.157342
0.0687959
1.27453
0.262471
0
0.595746
1.27453
0.1474
0.510999
0
0.387867
0
0.176736
0.393327
0
0.346834
0
0.317221
0.935514
0
0
0.510999
0
0.213073
0
0.111613
0
0.510999
0
0
0.510999
0.228642
0.619193
0.510999
0.0547316
0.613797
0.510999
0.975535
0
0.385934
0
0.510999
0.510999
0.334862
0
0.181293
0.338645
1.78553
0
0
0
1.96577
0.510999
0.402401
0
0.174279
0
0.228719
0
0.510999
0.510999
0.60674
0.170498
0
0.316791
0.4014
0.0595077
0.510999
0
0.000343667
0.376775
0.510999
0
1.27453
0.510999
0.510999
0.0728616
0.188237
0
0.510999
0.939526
0.179127
0.861108
0.217969
0
0.176223
0.631309
1.27453
0.454259
0
0.383293
0.510999
0.36623
0
0.0410773
0.0512857
1.27453
0.066304
0.510999
0
0.262163
0
0
0.193748
0.42773
0.195955
0
0.510999
0.510999
0.380856
0
0.510999
1.27453
0.510999
0.329025
0
0.510999
0.510999
0.510999
0.246089
0.215196
0.550824
0.510999
0
0.510999
0
0
0.510999
0
0.149818
0
1.27453
0
0
0.212121
0.193422
0.435807
0.671039
0.510999
0
0
0.221334
0.147274
0
0.510999
0.481904
0.313447
0.24712
0.510999
0.510999
0
0.259057
0.510999
0
0
0
0.510999
0
0.892932
0.263889
1.27453
0.833074
0
0.510999
0.438013
0
0.22877
0.982454
0
0.2518
0
0.510999
0
0.510999
0.510999
1.27453
0.510999
1.27453
0
1.27453
0.00591586
0.422709
0
0.510999
0.153745
0
0.233515
0
0
0.510999
0
0
0.510999
0.299752
0.31293
0.112019
0.528877
0.0641475
0.121883
0.897775
0
1.27453
0.510999
1.27453
0.235071
0
0.657712
0.510999
0.510999
0.459898
0.510999
0
0
0
0.0771976
0.0720354
0
0
0.510999
0.344016
0
0.15769
0
0.510999
0
0.510999
1.27453
0.359566
0
1.72163
0.359559
0
0.661452
0
0.168595
1.27451
0.510999
0
0.328687
0.357137
0
0
0
0.245442
0.245738
0
1.27453
0
0.0959681
0.510999
0
0.0268021
0
0.687591
0.200452
0.510999
0.510999
1.27453
0.352265
1.27453
0
1.60875
0.0571826
1.27453
0.414789
0.456977
0.510999
0
0.510999
0
0.00120283
0
0.0947074
0.510999
0.510999
0
0
0.510999
0.982454
0
0.2518
0
0.510999
0
0.510999
0.510999
1.27453
0.510999
1.27453
0
1.27453
0.00591586
0.422709
0
0.510999
0.153745
0
0.233515
0
0
0.510999
0
0
0.510999
0.299752
0.31293
0.112019
0.528877
0.0641475
0.121883
0.897775
0
1.27453
0.510999
1.27453
0.326452
0.510999
0.510999
0
0
0.297481
0.833215
0
0.417241
0.510999
0.510999
0.357088
0.207084
0.510999
0
1.27451
0.783223
0.0472399
0.356656
0.510999
0
0
0.135686
0
1.27455
0.510999
0
0.187038
0.510999
1.0059
0
0.510999
0
0
0.510999
0.114917
0
0.332679
0
0
0.510999
0
0.510999
0.295862
0.341238
1.27453
0.314944
0
0.510999
0
0.510999
1.27453
0.826254
0
0
0.310446
0
0.255426
0
0.510999
1.27453
0
0
0
0.0342687
1.27453
0
1.27453
1.27453
0.510999
0.022615
0
0.510999
0.510999
0.510999
0
0
0
0
0
0.233005
1.27453
0
1.27453
0.510999
0.0368701
0
0
0.510999
0.510999
0.228181
0
0.18849
0.462681
0.510999
0
0.203198
0
0.44088
0.173088
0
0.248259
0.510999
0.510999
0.189894
0.510999
0
0.238668
0
0.510999
0
0
0.510999
0.666685
1.27453
0.510999
0
0
0
0
1.78549
0.440032
0.510999
0
0
0
1.27445
0
1.27453
0.118729
0.510999
0.226917
0
0
0
0
0.252019
0.157342
0.0687959
1.27453
0.262471
0
0.595746
1.27453
0.1474
0.510999
0
0.387867
0
0.176736
0.393327
0
0.346834
0
0.317221
0.935514
0
0
0.510999
0
0.213073
0
0.111613
0
0.510999
0
0
0.510999
0.228642
0.619193
0.510999
0.0547316
0.613797
0.510999
0.975535
0
0.385934
0
0.510999
0.510999
0.334862
0
0.181293
0.338645
1.78553
0
0
0
1.96577
0.510999
0.402401
0
0.174279
0
0.228719
0
0.510999
0.510999
0.60674
0.170498
0
0.316791
0.4014
0.0595077
0.510999
0
0.000343667
0.376775
0.510999
0
1.27453
0.188237
0
0.510999
0.939526
0.179127
0.861108
0.217969
0
0.176223
0.631309
1.27453
0.454259
0
0.383293
0.510999
0.36623
0
0.0410773
0.0512857
1.27453
0.066304
0.510999
0
0.262163
0
0
0.193748
0.42773
0.195955
0
0.510999
0.510999
0.380856
0
0.510999
1.27453
0.510999
0.329025
0
0.510999
0.510999
0.153999
0.510999
0.246089
0.215196
0.550824
0.510999
0
0.510999
0
0
0.510999
0
0.149818
0
1.27453
0
0
0.212121
0.193422
0.435807
0.671039
0.510999
0
0
0.221334
0.147274
0
0.510999
0.481904
0.313447
0.24712
0.510999
0.510999
0
0.259057
0.510999
0
0
0
0.510999
0
0.892932
0.263889
1.27453
0.833074
0
0.510999
0.438013
0
0.22877
0.982454
0
0.2518
0
0.510999
0
0.510999
0.510999
1.27453
0.510999
1.27453
0
1.27453
0.00591586
0.422709
0
0.510999
0.153745
0
0.233515
0
0
0.510999
0
0
0.510999
0.299752
0.31293
0.112019
0.528877
0.0641475
0.121883
0.897775
0
1.27453
0.510999
1.27453
0.235071
0
0.657712
0.510999
0.510999
0.459898
0.510999
0
0
0
0.0771976
0.0720354
0
0
0.510999
0.344016
0
0.15769
0
0.510999
0
0.510999
1.27453
0.359566
0
1.72163
0.359559
0
0.661452
0
0.168595
1.27451
0.510999
0.357137
0
0
0
0.245442
0.245738
0
1.27453
0
0.0959681
0.510999
0
0.0268021
0
0.687591
0.200452
0.510999
0.510999
1.27453
0.352265
1.27453
0
1.60875
0.0571826
1.27453
0.414789
0.456977
0.510999
0
0.510999
0
0.00120283
0
0.0947074
0.510999
0.510999
0
0
0.510999
0
0.235071
0
0.657712
0.510999
0.510999
0.459898
0.510999
0
0
0
0.0771976
0.0720354
0
0
0.510999
0.344016
0
0.15769
0
0.510999
0
0.510999
1.27453
0.359566
0
1.72163
0.359559
0
0.661452
0
0.168595
1.27451
0.510999
0.326452
0.510999
0.510999
0
0
0.297481
0.833215
0
0.417241
0.510999
0.510999
0.357088
0.207084
0.510999
0
1.27451
0.783223
0.0472399
0.356656
0.510999
0
0
0.135686
0
1.27455
0.510999
0
0.187038
0.510999
1.0059
0
0.510999
0
0
0.510999
0.114917
0
0.332679
0
0
0.510999
0
0.510999
0.295862
0.341238
1.27453
0.314944
0
0.510999
0
0.510999
1.27453
0.826254
0
0
0.310446
0
0.255426
0
0.510999
1.27453
0
0
0
0.0342687
1.27453
0
1.27453
1.27453
0.510999
0.022615
0
0.510999
0.510999
0.510999
0
0
0
0
0
0.233005
1.27453
0
1.27453
0.510999
0.0368701
0
0
0.18849
0.462681
0.510999
0
0.203198
0
0.44088
0.173088
0
0.248259
0.510999
0.510999
0.189894
0.510999
0
0.238668
0
0.510999
0
0
0.510999
0.666685
1.27453
0.510999
0
0
0
0
1.78549
0.440032
0.510999
0
0
0
1.27445
0
1.27453
0.118729
0.510999
0.226917
0
0.963835
0
0
0
0
0.252019
0.157342
0.0687959
1.27453
0.262471
0
0.595746
1.27453
0.1474
0.510999
0
0.387867
0
0.176736
0.393327
0
0.346834
0
0.317221
0.935514
0
0
0.510999
0
0.213073
0
0.111613
0
0.510999
0
0
0.510999
0.228642
0.619193
0.510999
0.0547316
0.613797
0.510999
0
0.975535
0
0.385934
0
0.510999
0.510999
0.334862
0
0.181293
0.338645
1.78553
0
0
0
1.96577
0.510999
0.402401
0
0.174279
0
0.228719
0
0.510999
0.510999
0.60674
0.170498
0
0.316791
0.4014
0.0595077
0.510999
0
0.000343667
0.376775
0.510999
0
1.27453
0.510999
0.510999
0.0728616
0
0.188237
0
0.510999
0.939526
0.179127
0.861108
0.217969
0
0.176223
0.631309
1.27453
0.454259
0
0.383293
0.510999
0.36623
0
0.0410773
0.0512857
1.27453
0.066304
0.510999
0
0.262163
0
0
0.193748
0.42773
0.195955
0
0.510999
0.510999
0.380856
0
0.510999
1.27453
0.510999
0.329025
0
0.510999
0.510999
0.510999
0.246089
0.215196
0.550824
0.510999
0
0.510999
0
0
0.510999
0
0.149818
0
1.27453
0
0
0.212121
0.193422
0.435807
0.671039
0.510999
0
0
0.221334
0.147274
0
0.510999
0.481904
0.313447
0.24712
0.510999
0.510999
0
0.259057
0.510999
0
0
0
0.510999
0
0.892932
0.263889
1.27453
0.833074
0
0.510999
0.438013
0
0.22877
0.982454
0
0.2518
0
0.510999
0
0.510999
0.510999
1.27453
0.510999
1.27453
0
1.27453
0.00591586
0.422709
0
0.510999
0.153745
0
0.233515
0
0
0.510999
0
0
0.510999
0.299752
0.31293
0.112019
0.528877
0.0641475
0.121883
0.897775
0
1.27453
0.510999
1.27453
0.235071
0
0.657712
0.510999
0.510999
0.459898
0.510999
0
0
0
0.0771976
0.0720354
0
0
0.510999
0.344016
0
0.15769
0
0.510999
0
0.510999
1.27453
0.359566
0
1.72163
0.359559
0
0.661452
0
0.168595
1.27451
0.357137
0
0
0
0.245442
0.245738
0
1.27453
0
0.0959681
0.510999
0
0.0268021
0
0.687591
0.200452
0.510999
0.510999
1.27453
0.352265
1.27453
0
1.60875
0.0571826
1.27453
0.414789
0.456977
0.510999
0
0.510999
0
0.00120283
0
0.0947074
0.510999
0.510999
0
0
0.510999
0
0.357137
0
0
0
0.245442
0.245738
0
1.27453
0
0.0959681
0.510999
0
0.0268021
0
0.687591
0.200452
0.510999
0.510999
1.27453
0.352265
1.27453
0
1.60875
0.0571826
1.27453
0.414789
0.456977
0.510999
0
0.510999
0
0.00120283
0
0.0947074
0.510999
0.510999
0
0
0.510999
