0.510999
0.796229
0
0.510999
0
0.0100144
0.510999
1.27453
0
1.27453
0.510999
0.510999
0.28172
0
0.510999
0.10034
0.510999
0
0.0886914
0.124641
0
0.0375371
0
0.510999
0.324814
0.785043
0.977493
0.510999
0
0.388411
0.213588
0.376214
0.44244
0.510999
0.796229
0
0.510999
0
0.0100144
0.510999
1.27453
0
1.27453
0.510999
0.510999
0.28172
0
0.510999
0.10034
0.510999
0
0.0886914
0.124641
0
0.0375371
0
0.510999
0.324814
0.785043
0.977493
0.510999
0
0.388411
0.213588
0.376214
0.44244
0.284827
0.503654
0.510999
0
0
0
0.510999
0.510999
0.886488
0
0
0
0.510999
0.102765
0
0.481197
0
1.27453
0.300777
0
0
0.0566373
0
0
0.48037
0.510999
0.510999
0
0
0
0
0
0.510999
0.510999
0
1.27453
1.27451
0
0.255526
0.510999
0
0
0.29689
0.510999
0.270185
0
1.02023
0.480602
0.510999
0
0
0.285277
0.510999
1.27453
0.510999
0.510999
0.510999
0
0
0.372438
0.510999
0.510999
1.27454
0
0
0.510999
0
0.510999
1.27453
0.510999
0.510999
1.27453
0
0.0331882
0.510999
0.112953
0.510999
0
0
0
0.370096
1.27453
0.268309
0
0
0
0.510999
0.510999
0
0.260676
0
0
0
0.493343
0
0.334263
0
0
0.510999
0.291959
0.337073
0.262251
0
0
0.510999
0.510999
0.510999
0.189549
0.510999
0
0.510999
0.865059
0
0.0900642
0
0.510999
0
0.510999
0
0.510999
0.510999
0.510999
0.260981
0.269476
1.27453
1.05391
1.27453
0
0.19
0
0
0
1.27453
0.175494
0
0
0.104377
0
0
0.189355
0
0.178446
0.340366
0.360436
0
0.564577
0.510999
0.56136
0.884156
0
0.510999
0
0.510999
1.27453
0.510999
0
0.306372
0.455311
0
0.510999
0
0
0.510999
0.510999
0.638389
0.313897
0.239818
0.223047
0.739713
0
0.385545
0.357269
0
0
0
0.510999
0
0.232867
1.27453
0.551327
0
0.704164
0.510999
0
0
0.961745
0.470143
0.510999
0
0.187092
0
0.284151
1.27453
0
0
0
0.768503
0.510999
0
0
0.129799
0
1.03475
0.442211
0
0
0.510999
0.510999
0.510999
0
0.510999
0.322042
0.185269
0.215451
0
0.172149
0.341883
0.189639
0
0
0.344756
0.510999
0.205064
0.50337
0
0.510999
0.346838
0
0.0765503
1.03292
0
0.510999
0.510999
0
0.492163
0
0
0.238683
0.510999
0
0.318371
0
0.320715
1.27452
0.260558
0
0.821828
0.223321
0
0.510999
0
0.510999
0.745117
0
0.510999
0.421617
0.510999
0.278223
0.510999
1.27453
0.510999
0
0.253305
0.107314
0.510999
1.2701
0.510999
0.510999
0
0.20707
0.510999
0
0.205614
0.287745
0
0
0.510999
0.510999
0
0
0
0.207635
0.336897
0.510999
0.421148
0.0640087
0.124661
1.08882
0
0
0
0
0.510999
0.510999
0.510999
0
0.383801
0.162801
0.297137
0.266056
0
0.510999
0.510999
1.27453
0
0.285175
0.22936
0
0
0
1.27453
0
0
0.510999
0.510999
0
0
0
0
0
1.27453
1.27453
0
0
0
0.510999
0
0
0
0.510999
0
0.510999
0
0.114172
0.510999
0.510999
0
0.510999
0.199033
0
0
0.510999
0.595973
1.05659
0.510999
0.510999
0
0.510999
1.0677
0.510999
0
0.510999
0.147973
0.510999
0.510999
0.266444
0.259627
1.27453
0.321169
0.284827
0.503654
0.510999
0
0
0
0.510999
0.510999
0.886488
0
0
0
0.510999
0.102765
0
0.481197
0
1.27453
0.300777
0
0
0.0566373
0
0
0.48037
0.510999
0.510999
0
0
0
0
0
0.510999
0.510999
0.510999
0.796229
0
0.510999
0
0.0100144
0.510999
1.27453
0
1.27453
0.510999
0.510999
0.28172
0
0.510999
0.10034
0.510999
0
0.0886914
0.124641
0
0.0375371
0
0.510999
0.324814
0.785043
0.977493
0.510999
0
0.388411
0.213588
0.376214
0.44244
0
0.284827
0.503654
0.510999
0
0
0
0.510999
0.510999
0.886488
0
0
0
0.510999
0.102765
0
0.481197
0
1.27453
0.300777
0
0
0.0566373
0
0
0.48037
0.510999
0.510999
0
0
0
0
0
0.510999
0.510999
0
1.27453
1.27451
0
0.255526
0.510999
0
0
0.29689
0.510999
0.270185
0
1.02023
0.480602
0.510999
0
0
0.285277
0.510999
1.27453
0.510999
0.510999
0.510999
0
0
0.372438
0.510999
0.510999
1.27454
0
0
0.510999
0
0.510999
1.27453
0.510999
0.510999
1.27453
0
0.0331882
0.510999
0.112953
0.510999
0
0
0
0.370096
1.27453
0.268309
0
0
0
0.510999
0.510999
0
0.260676
0
0
0
0.493343
0
0.334263
0
0
0.510999
0.291959
0.337073
0.262251
0
0
0.510999
0.510999
0.510999
0.189549
0.510999
0
0.510999
0.865059
0
0.0900642
0
0.510999
0
0.510999
0
0.510999
0.510999
0.510999
0.260981
0.269476
1.27453
1.05391
1.27453
0
0.19
0
0
0
1.27453
0.175494
0
0
0.104377
0
0
0.189355
0
0.178446
0.340366
0.360436
0
0.564577
0.510999
0.56136
0.884156
0
0.510999
0
0.510999
1.27453
0.510999
0
0.306372
0.455311
0
0.510999
0
0
0.510999
0.510999
0.638389
0.313897
0.239818
0.223047
0.739713
0
0.385545
0.357269
0
0
0
0.510999
0
0.232867
1.27453
0.551327
0
0.704164
0.510999
0
0
0.961745
0.470143
0.510999
0
0.187092
0
0.284151
1.27453
0
0
0
0.768503
0.510999
0
0
0.129799
0
1.03475
0.442211
0
0
0.510999
0.510999
0.510999
0
0.510999
0.322042
0.185269
0.215451
0
0.172149
0.341883
0.189639
0
0
0.344756
0.510999
0.205064
0.50337
0
0.510999
0.346838
0
0.0765503
1.03292
0
0.339236
0
0.22328
0
0
0
0.510999
0.510999
0
0.492163
0
0
0.238683
0.510999
0
0.318371
0
0.320715
1.27452
0.260558
0
0.821828
0.223321
0
0.510999
0
0.510999
0.745117
0
0.510999
0.421617
0.510999
0.278223
0.510999
1.27453
0.510999
0
0.253305
0.107314
0.510999
1.2701
0.510999
0.510999
0
0.20707
0.0326975
0.510999
0
0.205614
0.287745
0
0
0.510999
0.510999
0
0
0
0.207635
0.336897
0.510999
0.421148
0.0640087
0.124661
1.08882
0
0
0
0
0.510999
0.510999
0.510999
0
0.383801
0.162801
0.297137
0.266056
0
0.510999
0.510999
1.27453
0
0.285175
0.22936
0
0
0
1.27453
0
0
0.510999
0.510999
0
0
0
0
0
1.27453
1.27453
0
0
0
0.510999
0
0
0
0.510999
0
0.510999
0
0.114172
0.510999
0.510999
0
0.510999
0.199033
0
0
0.510999
0.595973
1.05659
0.510999
0.510999
0
0.510999
1.0677
0.510999
0
0.510999
0.147973
0.510999
0.510999
0.266444
0.259627
1.27453
0.321169
1.27453
1.27451
0
0.255526
0.510999
0
0
0.29689
0.510999
0.270185
0
1.02023
0.480602
0.510999
0
0
0.285277
0.510999
1.27453
0.510999
0.510999
0.510999
0
0
0.372438
0.510999
0.510999
1.27454
0
0
0.510999
0
0.510999
1.27453
0.510999
0.510999
1.27453
0
0.0331882
0.510999
0.510999
0.796229
0
0.510999
0
0.0100144
0.510999
1.27453
0
1.27453
0.510999
0.510999
0.28172
0
0.510999
0.10034
0.510999
0
0.0886914
0.124641
0
0.0375371
0
0.510999
0.324814
0.785043
0.977493
0.510999
0
0.388411
0.213588
0.376214
0.44244
0.284827
0.503654
0.510999
0
0
0
0.510999
0.510999
0.886488
0
0
0
0.510999
0.102765
0
0.481197
0
1.27453
0.300777
0
0
0.0566373
0
0
0.48037
0.510999
0.510999
0
0
0
0
0
0.510999
0.510999
1.27453
1.27451
0
0.255526
0.510999
0
0
0.29689
0.510999
0.270185
0
1.02023
0.480602
0.510999
0
0
0.285277
0.510999
1.27453
0.510999
0.510999
0.510999
0
0
0.372438
0.510999
0.510999
1.27454
0
0
0.510999
0
0.510999
1.27453
0.510999
0.510999
1.27453
0
0.0331882
0.510999
0.112953
0.510999
0
0
0
0.370096
1.27453
0.268309
0
0
0
0.510999
0.510999
0
0.260676
0
0
0
0.493343
0
0.334263
0
0
0.510999
0.291959
0.337073
0.262251
0
0
0.510999
0.510999
0.510999
0.189549
0.510999
0
0.510999
0.865059
0
0.0900642
0
0.510999
0
0.510999
0
0.510999
0.510999
0.510999
0.260981
0.269476
1.27453
1.05391
1.27453
0
0.19
0
0
0
1.27453
0.175494
0
0
0.104377
0
0
0.189355
0
0.178446
0.340366
0.360436
0
0.564577
0.510999
0.56136
0.884156
0
0.510999
0
0.510999
1.27453
0.510999
0
0.306372
0.510999
0
0
0.510999
0.510999
0.638389
0.313897
0.239818
0.223047
0.739713
0
0.385545
0.357269
0
0
0
0.510999
0
0.232867
1.27453
0.551327
0
0.704164
0.510999
0
0
0.961745
0.470143
0.510999
0
0.187092
0
0.284151
1.27453
0
0
0.510999
0
0
0.129799
0
1.03475
0.442211
0
0
0.510999
0.510999
0.510999
0
0.510999
0.322042
0.185269
0.215451
0
0.172149
0.341883
0.189639
0
0
0.344756
0.510999
0.205064
0.50337
0
0.510999
0.346838
0
0.0765503
1.03292
0
0.339236
0
0.22328
0
0.510999
0.510999
0
0.492163
0
0
0.238683
0.510999
0
0.318371
0
0.320715
1.27452
0.260558
0
0.821828
0.223321
0
0.510999
0
0.510999
0.745117
0
0.510999
0.421617
0.510999
0.278223
0.510999
1.27453
0.510999
0
0.253305
0.107314
0.510999
1.2701
0.510999
0.510999
0
0.20707
0.510999
0
0.205614
0.287745
0
0
0.510999
0.510999
0
0
0
0.207635
0.336897
0.510999
0.421148
0.0640087
0.124661
1.08882
0
0
0
0
0.510999
0.510999
0.510999
0
0.383801
0.162801
0.297137
0.266056
0
0.510999
0.510999
1.27453
0
0.285175
0.22936
0
1.27453
0
0
0.510999
0.510999
0
0
0
0
0
1.27453
1.27453
0
0
0
0.510999
0
0
0
0.510999
0
0.510999
0
0.114172
0.510999
0.510999
0
0.510999
0.199033
0
0
0.510999
0.595973
1.05659
0.510999
0.510999
0
0.510999
1.0677
0.510999
0
0.510999
0.147973
0.510999
0.510999
0.266444
0.259627
1.27453
0.321169
0.112953
0.510999
0
0
0
0.370096
1.27453
0.268309
0
0
0
0.510999
0.510999
0
0.260676
0
0
0
0.493343
0
0.334263
0
0
0.510999
0.291959
0.337073
0.262251
0
0
0.510999
0.510999
0.510999
0.189549
0.510999
0
0.510999
0.865059
0
0.510999
0.796229
0
0.510999
0
0.0100144
0.510999
1.27453
0
1.27453
0.510999
0.510999
0.28172
0
0.510999
0.10034
0.510999
0
0.0886914
0.124641
0
0.0375371
0
0.510999
0.324814
0.785043
0.977493
0.510999
0
0.388411
0.213588
0.376214
0.44244
0.284827
0.503654
0.510999
0
0
0
0.510999
0.510999
0.886488
0
0
0
0.510999
0.102765
0
0.481197
0
1.27453
0.300777
0
0
0.0566373
0
0
0.48037
0.510999
0.510999
0
0
0
0
0
0.510999
0.510999
0
1.27453
1.27451
0
0.255526
0.510999
0
0
0.29689
0.510999
0.270185
0
1.02023
0.480602
0.510999
0
0
0.285277
0.510999
1.27453
0.510999
0.510999
0.510999
0
0
0.372438
0.510999
0.510999
1.27454
0
0
0.510999
0
0.510999
1.27453
0.510999
0.510999
1.27453
0
0.0331882
0.112953
0.510999
0
0
0
0.370096
1.27453
0.268309
0
0
0
0.510999
0.510999
0
0.260676
0
0
0
0.493343
0
0.334263
0
0
0.510999
0.291959
0.337073
0.262251
0
0
0.510999
0.510999
0.510999
0.189549
0.510999
0
0.510999
0.865059
0
0.0900642
0
0.510999
0
0.510999
0
0.510999
0.510999
0.510999
0.260981
0.269476
1.27453
1.05391
1.27453
0
0.19
0
0
0
1.27453
0.175494
0
0
0.104377
0
0
0.189355
0
0.178446
0.340366
0.360436
0
0.564577
0.510999
0.56136
0.884156
0
0.510999
0
0.510999
1.27453
0.510999
0
0
0.510999
0.510999
0.638389
0.313897
0.239818
0.223047
0.739713
0
0.385545
0.357269
0
0
0
0.510999
0
0.232867
1.27453
0.551327
0
0.704164
0.510999
0
0
0.961745
0.470143
0.510999
0
0.187092
0
0.284151
1.27453
0
0
0
0.768503
0.510999
0
0
0.129799
0
1.03475
0.442211
0
0
0.510999
0.510999
0.510999
0
0.510999
0.322042
0.185269
0.215451
0
0.172149
0.341883
0.189639
0
0
0.344756
0.510999
0.205064
0.50337
0
0.510999
0.346838
0
0.0765503
1.03292
0
0.339236
0
0.22328
0
0.510999
0.510999
0
0.492163
0
0
0.238683
0.510999
0
0.318371
0
0.320715
1.27452
0.260558
0
0.821828
0.223321
0
0.510999
0
0.510999
0.745117
0
0.510999
0.421617
0.510999
0.278223
0.510999
1.27453
0.510999
0
0.253305
0.107314
0.510999
1.2701
0.510999
0.510999
0
0.20707
0.0326975
0.510999
0
0.205614
0.287745
0
0
0.510999
0.510999
0
0
0
0.207635
0.336897
0.510999
0.421148
0.0640087
0.124661
1.08882
0
0
0
0
0.510999
0.510999
0.510999
0
0.383801
0.162801
0.297137
0.266056
0
0.510999
0.510999
1.27453
0
0.285175
0.22936
0
1.27453
0
0
0.510999
0.510999
0
0
0
0
0
1.27453
1.27453
0
0
0
0.510999
0
0
0
0.510999
0
0.510999
0
0.114172
0.510999
0.510999
0
0.510999
0.199033
0
0
0.510999
0.595973
1.05659
0.510999
0.510999
0
0.510999
1.0677
0.510999
0
0.510999
0.147973
0.510999
0.510999
0.266444
0.259627
0.0900642
0
0.510999
0
0.510999
0
0.510999
0.510999
0.510999
0.260981
0.269476
1.27453
1.05391
1.27453
0
0.19
0
0
0
1.27453
0.175494
0
0
0.104377
0
0
0.189355
0
0.178446
0.340366
0.360436
0
0.564577
0.510999
0.56136
0.884156
0
0.510999
0
0.510999
1.27453
0.510999
0
0.510999
0.796229
0
0.510999
0
0.0100144
0.510999
1.27453
0
1.27453
0.510999
0.510999
0.28172
0
0.510999
0.10034
0.510999
0
0.0886914
0.124641
0
0.0375371
0
0.510999
0.324814
0.785043
0.977493
0.510999
0
0.388411
0.213588
0.376214
0.44244
0.284827
0.503654
0.510999
0
0
0
0.510999
0.510999
0.886488
0
0
0
0.510999
0.102765
0
0.481197
0
1.27453
0.300777
0
0
0.0566373
0
0
0.48037
0.510999
0.510999
0
0
0
0
0
0.510999
0.510999
0
1.27453
1.27451
0
0.255526
0.510999
0
0
0.29689
0.510999
0.270185
0
1.02023
0.480602
0.510999
0
0
0.285277
0.510999
1.27453
0.510999
0.510999
0.510999
0
0
0.372438
0.510999
0.510999
1.27454
0
0
0.510999
0
0.510999
1.27453
0.510999
0.510999
1.27453
0
0.0331882
0.112953
0.510999
0
0
0
0.370096
1.27453
0.268309
0
0
0
0.510999
0.510999
0
0.260676
0
0
0
0.493343
0
0.334263
0
0
0.510999
0.291959
0.337073
0.262251
0
0
0.510999
0.510999
0.510999
0.189549
0.510999
0
0.510999
0.865059
0
0.0900642
0
0.510999
0
0.510999
0
0.510999
0.510999
0.510999
0.260981
0.269476
1.27453
1.05391
1.27453
0
0.19
0
0
0
1.27453
0.175494
0
0
0.104377
0
0
0.189355
0
0.178446
0.340366
0.360436
0
0.564577
0.510999
0.56136
0.884156
0
0.510999
0
0.510999
0
0
0.510999
0.510999
0.638389
0.313897
0.239818
0.223047
0.739713
0
0.385545
0.357269
0
0
0
0.510999
0
0.232867
1.27453
0.551327
0
0.704164
0.510999
0
0
0.961745
0.470143
0.510999
0
0.187092
0
0.284151
1.27453
0
0.510999
0
0
0.129799
0
1.03475
0.442211
0
0
0.510999
0.510999
0.510999
0
0.510999
0.322042
0.185269
0.215451
0
0.172149
0.341883
0.189639
0
0
0.344756
0.510999
0.205064
0.50337
0
0.510999
0.346838
0
0.0765503
1.03292
0
0.339236
0
0.22328
0
0
0.510999
0.510999
0
0.492163
0
0
0.238683
0.510999
0
0.318371
0
0.320715
1.27452
0.260558
0
0.821828
0.223321
0
0.510999
0
0.510999
0.745117
0
0.510999
0.421617
0.510999
0.278223
0.510999
1.27453
0.510999
0
0.253305
0.107314
0.510999
1.2701
0.510999
0.510999
0
0.510999
0
0.205614
0.287745
0
0
0.510999
0.510999
0
0
0
0.207635
0.336897
0.510999
0.421148
0.0640087
0.124661
1.08882
0
0
0
0
0.510999
0.510999
0.510999
0
0.383801
0.162801
0.297137
0.266056
0
0.510999
0.510999
1.27453
0
0.285175
0.22936
0
1.27453
0
0
0.510999
0.510999
0
0
0
0
0
1.27453
1.27453
0
0
0
0.510999
0
0
0
0.510999
0
0.510999
0
0.114172
0.510999
0.510999
0
0.510999
0.199033
0
0
0.510999
0.595973
1.05659
0.510999
0.510999
0
0.510999
1.0677
0.510999
0
0.510999
0.147973
0.510999
0.510999
0.266444
0.259627
1.27453
0.321169
0.510999
0
0
0.510999
0.510999
0.638389
0.313897
0.239818
0.223047
0.739713
0
0.385545
0.357269
0
0
0
0.510999
0
0.232867
1.27453
0.551327
0
0.704164
0.510999
0
0
0.961745
0.470143
0.510999
0
0.187092
0
0.284151
1.27453
0
0
0.510999
0.796229
0
0.510999
0
0.0100144
0.510999
1.27453
0
1.27453
0.510999
0.510999
0.28172
0
0.510999
0.10034
0.510999
0
0.0886914
0.124641
0
0.0375371
0
0.510999
0.324814
0.785043
0.977493
0.510999
0
0.388411
0.213588
0.376214
0.44244
0
0
0.284827
0.503654
0.510999
0
0
0
0.510999
0.510999
0.886488
0
0
0
0.510999
0.102765
0
0.481197
0
1.27453
0.300777
0
0
0.0566373
0
0
0.48037
0.510999
0.510999
0
0
0
0
0
0.510999
0.510999
0
1.27453
1.27451
0
0.255526
0.510999
0
0
0.29689
0.510999
0.270185
0
1.02023
0.480602
0.510999
0
0
0.285277
0.510999
1.27453
0.510999
0.510999
0.510999
0
0
0.372438
0.510999
0.510999
1.27454
0
0
0.510999
0
0.510999
1.27453
0.510999
0.510999
1.27453
0
0.0331882
0.510999
0.284273
0.112953
0.510999
0
0
0
0.370096
1.27453
0.268309
0
0
0
0.510999
0.510999
0
0.260676
0
0
0
0.493343
0
0.334263
0
0
0.510999
0.291959
0.337073
0.262251
0
0
0.510999
0.510999
0.510999
0.189549
0.510999
0
0.510999
0.865059
0
0.0900642
0
0.510999
0
0.510999
0
0.510999
0.510999
0.510999
0.260981
0.269476
1.27453
1.05391
1.27453
0
0.19
0
0
0
1.27453
0.175494
0
0
0.104377
0
0
0.189355
0
0.178446
0.340366
0.360436
0
0.564577
0.510999
0.56136
0.884156
0
0.510999
0
0.510999
1.27453
0.510999
0
0.306372
0.510999
0
0
0.510999
0.510999
0.638389
0.313897
0.239818
0.223047
0.739713
0
0.385545
0.357269
0
0
0
0.510999
0
0.232867
1.27453
0.551327
0
0.704164
0.510999
0
0
0.961745
0.470143
0.510999
0
0.187092
0
0.284151
1.27453
0
0
0
0.510999
0
0
0.129799
0
1.03475
0.442211
0
0
0.510999
0.510999
0.510999
0
0.510999
0.322042
0.185269
0.215451
0
0.172149
0.341883
0.189639
0
0
0.344756
0.510999
0.205064
0.50337
0
0.510999
0.346838
0
0.0765503
1.03292
0
0.339236
0
0.22328
0
0.510999
0.510999
0
0.492163
0
0
0.238683
0.510999
0
0.318371
0
0.320715
1.27452
0.260558
0
0.821828
0.223321
0
0.510999
0
0.510999
0.745117
0
0.510999
0.421617
0.510999
0.278223
0.510999
1.27453
0.510999
0
0.253305
0.107314
0.510999
1.2701
0.510999
0.510999
0
0.20707
0.510999
0
0.205614
0.287745
0
0
0.510999
0.510999
0
0
0
0.207635
0.336897
0.510999
0.421148
0.0640087
0.124661
1.08882
0
0
0
0
0.510999
0.510999
0.510999
0
0.383801
0.162801
0.297137
0.266056
0
0.510999
0.510999
1.27453
0
0.285175
0.22936
0
0
0
1.27453
0
0
0.510999
0.510999
0
0
0
0
0
1.27453
1.27453
0
0
0
0.510999
0
0
0
0.510999
0
0.510999
0
0.114172
0.510999
0.510999
0
0.510999
0.199033
0
0
0.510999
0.595973
1.05659
0.510999
0.510999
0
0.510999
1.0677
0.510999
0
0.510999
0.147973
0.510999
0.510999
0.510999
0
0
0.129799
0
1.03475
0.442211
0
0
0.510999
0.510999
0.510999
0
0.510999
0.322042
0.185269
0.215451
0
0.172149
0.341883
0.189639
0
0
0.344756
0.510999
0.205064
0.50337
0
0.510999
0.346838
0
0.0765503
1.03292
0
0.339236
0
0.22328
0
0.510999
0.796229
0
0.510999
0
0.0100144
0.510999
1.27453
0
1.27453
0.510999
0.510999
0.28172
0
0.510999
0.10034
0.510999
0
0.0886914
0.124641
0
0.0375371
0
0.510999
0.324814
0.785043
0.977493
0.510999
0
0.388411
0.213588
0.376214
0.284827
0.503654
0.510999
0
0
0
0.510999
0.510999
0.886488
0
0
0
0.510999
0.102765
0
0.481197
0
1.27453
0.300777
0
0
0.0566373
0
0
0.48037
0.510999
0.510999
0
0
0
0
0
0.510999
0.510999
0
1.27453
1.27451
0
0.255526
0.510999
0
0
0.29689
0.510999
0.270185
0
1.02023
0.480602
0.510999
0
0
0.285277
0.510999
1.27453
0.510999
0.510999
0.510999
0
0
0.372438
0.510999
0.510999
1.27454
0
0
0.510999
0
0.510999
1.27453
0.510999
0.510999
1.27453
0.112953
0.510999
0
0
0
0.370096
1.27453
0.268309
0
0
0
0.510999
0.510999
0
0.260676
0
0
0
0.493343
0
0.334263
0
0
0.510999
0.291959
0.337073
0.262251
0
0
0.510999
0.510999
0.510999
0.189549
0.510999
0
0.510999
0.865059
0
0.0900642
0
0.510999
0
0.510999
0
0.510999
0.510999
0.510999
0.260981
0.269476
1.27453
1.05391
1.27453
0
0.19
0
0
0
1.27453
0.175494
0
0
0.104377
0
0
0.189355
0
0.178446
0.340366
0.360436
0
0.564577
0.510999
0.56136
0.884156
0
0.510999
0
0.510999
0.510999
0
0
0.510999
0.510999
0.638389
0.313897
0.239818
0.223047
0.739713
0
0.385545
0.357269
0
0
0
0.510999
0
0.232867
1.27453
0.551327
0
0.704164
0.510999
0
0
0.961745
0.470143
0.510999
0
0.187092
0
0.284151
1.27453
0
0
0.510999
0
0
0.129799
0
1.03475
0.442211
0
0
0.510999
0.510999
0.510999
0
0.510999
0.322042
0.185269
0.215451
0
0.172149
0.341883
0.189639
0
0
0.344756
0.510999
0.205064
0.50337
0
0.510999
0.346838
0
0.0765503
1.03292
0
0.339236
0
0.22328
0
0.510999
0.510999
0
0.492163
0
0
0.238683
0.510999
0
0.318371
0
0.320715
1.27452
0.260558
0
0.821828
0.223321
0
0.510999
0
0.510999
0.745117
0
0.510999
0.421617
0.510999
0.278223
0.510999
1.27453
0.510999
0
0.253305
0.107314
0.510999
1.2701
0.510999
0.510999
0
0.510999
0
0.205614
0.287745
0
0
0.510999
0.510999
0
0
0
0.207635
0.336897
0.510999
0.421148
0.0640087
0.124661
1.08882
0
0
0
0
0.510999
0.510999
0.510999
0
0.383801
0.162801
0.297137
0.266056
0
0.510999
0.510999
1.27453
0
0.285175
0.22936
0
0
0
1.27453
0
0
0.510999
0.510999
0
0
0
0
0
1.27453
1.27453
0
0
0
0.510999
0
0
0
0.510999
0
0.510999
0
0.114172
0.510999
0.510999
0
0.510999
0.199033
0
0
0.510999
0.595973
1.05659
0.510999
0.510999
0
0.510999
1.0677
0.510999
0
0.510999
0.147973
0.510999
0.510999
0.266444
0.259627
1.27453
0.510999
0.510999
0
0.492163
0
0
0.238683
0.510999
0
0.318371
0
0.320715
1.27452
0.260558
0
0.821828
0.223321
0
0.510999
0
0.510999
0.745117
0
0.510999
0.421617
0.510999
0.278223
0.510999
1.27453
0.510999
0
0.253305
0.107314
0.510999
1.2701
0.510999
0.510999
0
0.510999
0.796229
0
0.510999
0
0.0100144
0.510999
1.27453
0
1.27453
0.510999
0.510999
0.28172
0
0.510999
0.10034
0.510999
0
0.0886914
0.124641
0
0.0375371
0
0.510999
0.324814
0.785043
0.977493
0.510999
0
0.388411
0.213588
0.376214
0.44244
0
0
0.284827
0.503654
0.510999
0
0
0
0.510999
0.510999
0.886488
0
0
0
0.510999
0.102765
0
0.481197
0
1.27453
0.300777
0
0
0.0566373
0
0
0.48037
0.510999
0.510999
0
0
0
0
0
0.510999
0.510999
0
1.27453
1.27451
0
0.255526
0.510999
0
0
0.29689
0.510999
0.270185
0
1.02023
0.480602
0.510999
0
0
0.285277
0.510999
1.27453
0.510999
0.510999
0.510999
0
0
0.372438
0.510999
0.510999
1.27454
0
0
0.510999
0
0.510999
1.27453
0.510999
0.510999
1.27453
0.112953
0.510999
0
0
0
0.370096
1.27453
0.268309
0
0
0
0.510999
0.510999
0
0.260676
0
0
0
0.493343
0
0.334263
0
0
0.510999
0.291959
0.337073
0.262251
0
0
0.510999
0.510999
0.510999
0.189549
0.510999
0
0.510999
0.865059
0
0.0900642
0
0.510999
0
0.510999
0
0.510999
0.510999
0.510999
0.260981
0.269476
1.27453
1.05391
1.27453
0
0.19
0
0
0
1.27453
0.175494
0
0
0.104377
0
0
0.189355
0
0.178446
0.340366
0.360436
0
0.564577
0.510999
0.56136
0.884156
0
0.510999
0.510999
0
0
0.510999
0.510999
0.638389
0.313897
0.239818
0.223047
0.739713
0
0.385545
0.357269
0
0
0
0.510999
0
0.232867
1.27453
0.551327
0
0.704164
0.510999
0
0
0.961745
0.470143
0.510999
0
0.187092
0
0.284151
1.27453
0
0
0
0.510999
0
0
0.129799
0
1.03475
0.442211
0
0
0.510999
0.510999
0.510999
0
0.510999
0.322042
0.185269
0.215451
0
0.172149
0.341883
0.189639
0
0
0.344756
0.510999
0.205064
0.50337
0
0.510999
0.346838
0
0.0765503
1.03292
0
0.510999
0.510999
0
0.492163
0
0
0.238683
0.510999
0
0.318371
0
0.320715
1.27452
0.260558
0
0.821828
0.223321
0
0.510999
0
0.510999
0.745117
0
0.510999
0.421617
0.510999
0.278223
0.510999
1.27453
0.510999
0
0.253305
0.107314
0.510999
1.2701
0.510999
0.510999
0
0.510999
0
0.205614
0.287745
0
0
0.510999
0.510999
0
0
0
0.207635
0.336897
0.510999
0.421148
0.0640087
0.124661
1.08882
0
0
0
0
0.510999
0.510999
0.510999
0
0.383801
0.162801
0.297137
0.266056
0
0.510999
0.510999
1.27453
0
0.285175
0.22936
0
1.27453
0
0
0.510999
0.510999
0
0
0
0
0
1.27453
1.27453
0
0
0
0.510999
0
0
0
0.510999
0
0.510999
0
0.114172
0.510999
0.510999
0
0.510999
0.199033
0
0
0.510999
0.595973
1.05659
0.510999
0.510999
0
0.510999
1.0677
0.510999
0
0.510999
0.147973
0.510999
0.510999
0.266444
0.259627
1.27453
0.321169
1.27453
1.27453
0.510999
0
0.205614
0.287745
0
0
0.510999
0.510999
0
0
0
0.207635
0.336897
0.510999
0.421148
0.0640087
0.124661
1.08882
0
0
0
0
0.510999
0.510999
0.510999
0
0.383801
0.162801
0.297137
0.266056
0
0.510999
0.510999
1.27453
0
0.285175
0.22936
0
0.510999
0.796229
0
0.510999
0
0.0100144
0.510999
1.27453
0
1.27453
0.510999
0.510999
0.28172
0
0.510999
0.10034
0.510999
0
0.0886914
0.124641
0
0.0375371
0
0.510999
0.324814
0.785043
0.977493
0.510999
0
0.388411
0.213588
0.376214
0.44244
0
0
0.284827
0.503654
0.510999
0
0
0
0.510999
0.510999
0.886488
0
0
0
0.510999
0.102765
0
0.481197
0
1.27453
0.300777
0
0
0.0566373
0
0
0.48037
0.510999
0.510999
0
0
0
0
0
0.510999
0.510999
1.27453
1.27451
0
0.255526
0.510999
0
0
0.29689
0.510999
0.270185
0
1.02023
0.480602
0.510999
0
0
0.285277
0.510999
1.27453
0.510999
0.510999
0.510999
0
0
0.372438
0.510999
0.510999
1.27454
0
0
0.510999
0
0.510999
1.27453
0.510999
0.510999
1.27453
0
0.0331882
0.510999
0.284273
0.112953
0.510999
0
0
0
0.370096
1.27453
0.268309
0
0
0
0.510999
0.510999
0
0.260676
0
0
0
0.493343
0
0.334263
0
0
0.510999
0.291959
0.337073
0.262251
0
0
0.510999
0.510999
0.510999
0.189549
0.510999
0
0.510999
0.865059
0
0.0900642
0
0.510999
0
0.510999
0
0.510999
0.510999
0.510999
0.260981
0.269476
1.27453
1.05391
1.27453
0
0.19
0
0
0
1.27453
0.175494
0
0
0.104377
0
0
0.189355
0
0.178446
0.340366
0.360436
0
0.564577
0.510999
0.56136
0.884156
0
0.510999
0
0.510999
1.27453
0.510999
0
0.306372
0.455311
0.510999
0
0
0.510999
0.510999
0.638389
0.313897
0.239818
0.223047
0.739713
0
0.385545
0.357269
0
0
0
0.510999
0
0.232867
1.27453
0.551327
0
0.704164
0.510999
0
0
0.961745
0.470143
0.510999
0
0.187092
0
0.284151
1.27453
0
0.510999
0
0
0.129799
0
1.03475
0.442211
0
0
0.510999
0.510999
0.510999
0
0.510999
0.322042
0.185269
0.215451
0
0.172149
0.341883
0.189639
0
0
0.344756
0.510999
0.205064
0.50337
0
0.510999
0.346838
0
0.0765503
1.03292
0
0.510999
0.510999
0
0.492163
0
0
0.238683
0.510999
0
0.318371
0
0.320715
1.27452
0.260558
0
0.821828
0.223321
0
0.510999
0
0.510999
0.745117
0
0.510999
0.421617
0.510999
0.278223
0.510999
1.27453
0.510999
0
0.253305
0.107314
0.510999
1.2701
0.510999
0.510999
0
0.20707
0.510999
0
0.205614
0.287745
0
0
0.510999
0.510999
0
0
0
0.207635
0.336897
0.510999
0.421148
0.0640087
0.124661
1.08882
0
0
0
0
0.510999
0.510999
0.510999
0
0.383801
0.162801
0.297137
0.266056
0
0.510999
0.510999
1.27453
0
0.285175
0.22936
0
1.27453
0
0
0.510999
0.510999
0
0
0
0
0
1.27453
1.27453
0
0
0
0.510999
0
0
0
0.510999
0
0.510999
0
0.114172
0.510999
0.510999
0
0.510999
0.199033
0
0
0.510999
0.595973
1.05659
0.510999
0.510999
0
0.510999
1.0677
0.510999
0
0.510999
0.147973
0.510999
0.510999
0.266444
0.259627
1.27453
0.321169
1.27453
0
0
0.510999
0.510999
0
0
0
0
0
1.27453
1.27453
0
0
0
0.510999
0
0
0
0.510999
0
0.510999
0
0.114172
0.510999
0.510999
0
0.510999
0.199033
0
0
0.510999
0.595973
1.05659
0.510999
0.510999
0
0.510999
1.0677
0.510999
0
0.510999
0.147973
0.510999
0.510999
0.266444
0.259627
