0
0.396721
1.27453
0.556122
0.510999
1.27453
0
0.316917
0.195836
0.510999
0.510999
0.193609
0
0.510999
0
0
0.401444
0
0
0
0
1.27453
1.27453
0
0.218772
0
0.534207
0
0
0.377215
0
0.510999
0.0395377
0.510999
0.19545
0.510999
0.281603
0
0.510999
1.27453
0
0
0.396721
1.27453
0.556122
0.510999
1.27453
0
0.316917
0.195836
0.510999
0.510999
0.193609
0
0.510999
0
0
0.401444
0
0
0
0
1.27453
1.27453
0
0.218772
0
0.534207
0
0
0.377215
0
0.510999
0.0395377
0.510999
0.19545
0.510999
0.281603
0
0.510999
1.27453
0
0.203356
0.510999
0
0.203461
1.27453
0.510999
1.27451
0.25655
0.175969
0
0.228474
0.510999
0
0
0.510999
0
0.941009
1.27453
0.197518
0
1.0131
0
0.510999
0
1.27453
0
0.510999
0.283551
0
0.339947
0.510999
0.329057
0.510999
0.233871
0.510999
0.239972
0
0
0
0.235238
0
1.27453
0
0.188131
1.27453
1.27453
0
0
0.131684
0.510999
0
0.510999
0.173282
1.78497
0
0.201882
0.510999
0
0
0
0.134828
1.05359
0.455528
0.221948
1.27453
0
1.32816
0
0
0.0974088
0.510999
0.510999
0.244972
0
0
0.153543
0.0886957
0.238105
0
0
0
0
0.510999
0
0
0
0.4564
0
0.510999
1.27453
0.528603
0
0.0178515
0
0
0.244019
1.27453
0.0260518
0
0.147443
0.0918556
1.27453
0.510999
0
0
0.510999
0.510999
0.510999
0
0.135918
0
0.510999
0.908314
0.201473
0
0.510999
0.510999
0.927101
0.234211
0.510999
0.510999
0
0
1.27453
0.510999
0.241607
1.27453
0
0.398786
0
0.510999
0
0.271736
0.790497
0.299863
0
0
0.346078
0.708919
0
0.346298
1.00262
0.190071
0.192456
0.448206
0.0971024
0.510999
0.527449
0.510999
0
0
0.446912
0.510999
0.510999
0.668779
1.27453
0.172616
0
0.510999
0
0.510999
0
0.406526
0.510999
0
0
0.510999
1.27453
0.181121
0.316335
0.15128
0
0.510999
0.145632
0.116517
0
0
0.766602
0.510999
0.510999
0
0.510999
0.265091
1.27453
0.355573
0
0.218574
0.510999
0.510999
0
1.27453
0
0.510999
0.510999
0.0482832
0.510999
0.510999
0
0
1.27453
0.380193
0.168838
0.217216
0
0.366332
0.780751
0.230063
0
0.712154
0.228412
0.316147
0
0.510999
0
0.510999
0
0.366845
0
0
1.27453
0
0
0
0.0962273
0
1.27453
0
0.309147
0
1.27453
0
0
0.510999
0.362384
0
0.510999
0.510999
0
0.510999
0
0.177388
0.510999
0
0
0.251372
0.338461
0.044205
0.510999
0
0
0.510999
0.19449
1.57837
0.473442
0.510999
0
0.0478907
0
0
0.510999
0.510999
0.510999
1.27453
0.510999
0
0
0
0
0.510999
0.510999
0
0.510999
0
0
0
0
0.596757
0
0.856031
0
0.510999
0.510999
0
0
0.0609393
0
0.510999
0.843544
0
0.144369
0.510999
0
1.27453
0.510999
0
1.27453
1.78553
0
0.259412
0.510999
0.0351227
0.510999
0.510999
0.271606
0.304749
0.650992
0.309556
0.43708
0.328018
0
0.510999
0.334545
1.0271
0.101591
0.510999
0.510999
0.510999
0
0
0.429457
0.510999
0
1.6631
0.80825
0.510999
0.252533
0
0
0
0.218882
0
0.33596
0
0.40521
0.263492
1.27452
0.232513
0
0
0.275678
0.510999
0.681457
0.30915
0.510999
0.0910062
0
0.510999
0.107638
0
0.325763
0
0.510999
0
0.429892
0
0.510999
0
0.510999
0.181057
1.27453
0
0.203356
0.510999
0
0.203461
1.27453
0.510999
1.27451
0.25655
0.175969
0
0.228474
0.510999
0
0
0.510999
0
0.941009
1.27453
0.197518
0
1.0131
0
0.510999
0
1.27453
0
0.510999
0.283551
0
0.339947
0.510999
0.329057
0.510999
0.233871
0.510999
0.239972
0
0
0
0.235238
0
1.27453
0
0.396721
1.27453
0.556122
0.510999
1.27453
0
0.316917
0.195836
0.510999
0.510999
0.193609
0
0.510999
0
0
0.401444
0
0
0
0
1.27453
1.27453
0
0.218772
0
0.534207
0
0
0.377215
0
0.510999
0.0395377
0.510999
0.19545
0.510999
0.281603
0
0.510999
1.27453
0
0.203356
0.510999
0
0.203461
1.27453
0.510999
1.27451
0.25655
0.175969
0
0.228474
0.510999
0
0
0.510999
0
0.941009
1.27453
0.197518
0
1.0131
0
0.510999
0
1.27453
0
0.510999
0.283551
0
0.339947
0.510999
0.329057
0.510999
0.233871
0.510999
0.239972
0
0
0
0.235238
0
1.27453
1.06264
0
0.188131
1.27453
1.27453
0
0
0.131684
0.510999
0
0.510999
0.173282
1.78497
0
0.201882
0.510999
0
0
0
0.134828
1.05359
0.455528
0.221948
1.27453
0
1.32816
0
0
0.0974088
0.510999
0.510999
0.244972
0
0
0.153543
0.0886957
0.238105
0
0
0
0
0.510999
0
0
0
0.4564
0
0.510999
1.27453
0.528603
0
0.0178515
0
0
0.244019
1.27453
0.0260518
0
0.147443
0.0918556
1.27453
0.510999
0
0
0.510999
0.510999
0.510999
0
0.135918
0
0.510999
0.908314
0.201473
0
0.510999
0.510999
0.927101
0.234211
0.510999
0.510999
0
0
1.27453
0.510999
0.241607
1.27453
0.398786
0
0.510999
0
0.271736
0.790497
0.299863
0
0
0.346078
0.708919
0
0.346298
1.00262
0.190071
0.192456
0.448206
0.0971024
0.510999
0.527449
0.510999
0
0
0.446912
0.510999
0.510999
0.668779
1.27453
0.172616
0
0.510999
0
0.510999
0
0.406526
0.510999
0
0
0.510999
1.27453
0.181121
0.316335
0.15128
0
0.510999
0.145632
0.116517
0
0
0.766602
0.510999
0.510999
0
0.510999
0.265091
1.27453
0.355573
0
0.218574
0.510999
0.510999
0
1.27453
0
0.510999
0.510999
0.0482832
0.510999
0.510999
0
0
1.27453
0.380193
0.168838
0
0.309684
0
0.217216
0
0.366332
0.780751
0.230063
0
0.712154
0.228412
0.316147
0
0.510999
0
0.510999
0
0.366845
0
0
1.27453
0
0
0
0.0962273
0
1.27453
0
0.309147
0
1.27453
0
0
0.510999
0.362384
0
0.510999
0.510999
0
0.510999
0
0.177388
0.510999
0
0
0.251372
0.338461
0.044205
0.510999
0
0
0.510999
0.19449
1.57837
0.473442
0.510999
0.325288
0
0.510999
0
0.1997
0
0.345551
0
0.0478907
0
0
0.510999
0.510999
0.510999
1.27453
0.510999
0
0
0
0
0.510999
0.510999
0
0.510999
0
0
0
0
0.596757
0
0.856031
0
0.510999
0.510999
0
0
0.0609393
0.33695
0.510999
0
0
0.510999
0.843544
0
0.144369
0.510999
0
1.27453
0.510999
0
1.27453
1.78553
0
0.259412
0.510999
0.0351227
0.510999
0.510999
0.271606
0.304749
0.650992
0.309556
0.43708
0.328018
0
0.510999
0.334545
1.0271
0.101591
0.510999
0.510999
0.510999
0
0
0.429457
0.510999
0
1.6631
0.80825
0.510999
0.252533
0
0
0
0.218882
0
0.33596
0
0.40521
0.263492
1.27452
0.232513
0
0
0.275678
0.510999
0.681457
0.30915
0.510999
0.0910062
0
0.510999
0.107638
0
0.325763
0
0.510999
0
0.429892
0
0.510999
0
0.510999
0.181057
1.27453
0
0
0.188131
1.27453
1.27453
0
0
0.131684
0.510999
0
0.510999
0.173282
1.78497
0
0.201882
0.510999
0
0
0
0.134828
1.05359
0.455528
0.221948
1.27453
0
1.32816
0
0
0.0974088
0.510999
0.510999
0.244972
0
0
0.153543
0.0886957
0.238105
0
0
0
0
0.510999
0
0
0
0.4564
0
0.510999
0
0.396721
1.27453
0.556122
0.510999
1.27453
0
0.316917
0.195836
0.510999
0.510999
0.193609
0
0.510999
0
0
0.401444
0
0
0
0
1.27453
1.27453
0
0.218772
0
0.534207
0
0
0.377215
0
0.510999
0.0395377
0.510999
0.19545
0.510999
0.281603
0
0.510999
1.27453
0.203356
0.510999
0
0.203461
1.27453
0.510999
1.27451
0.25655
0.175969
0
0.228474
0.510999
0
0
0.510999
0
0.941009
1.27453
0.197518
0
1.0131
0
0.510999
0
1.27453
0
0.510999
0.283551
0
0.339947
0.510999
0.329057
0.510999
0.233871
0.510999
0.239972
0
0
0
0.235238
0
1.27453
0
0.188131
1.27453
1.27453
0
0
0.131684
0.510999
0
0.510999
0.173282
1.78497
0
0.201882
0.510999
0
0
0
0.134828
1.05359
0.455528
0.221948
1.27453
0
1.32816
0
0
0.0974088
0.510999
0.510999
0.244972
0
0
0.153543
0.0886957
0.238105
0
0
0
0
0.510999
0
0
0
0.4564
0
0.510999
1.27453
0.528603
0
0.0178515
0
0
0.244019
1.27453
0.0260518
0
0.147443
0.0918556
1.27453
0.510999
0
0
0.510999
0.510999
0.510999
0
0.135918
0
0.510999
0.908314
0.201473
0
0.510999
0.510999
0.927101
0.234211
0.510999
0.510999
0
0
1.27453
0.510999
0.241607
1.27453
0
0.398786
0
0.510999
0
0.271736
0.790497
0.299863
0
0
0.346078
0.708919
0
0.346298
1.00262
0.190071
0.192456
0.448206
0.0971024
0.510999
0.527449
0.510999
0
0
0.446912
0.510999
0.510999
0.668779
1.27453
0.172616
0
0.510999
0
0.510999
0
0.406526
0.510999
0
0.510999
1.27453
0.181121
0.316335
0.15128
0
0.510999
0.145632
0.116517
0
0
0.766602
0.510999
0.510999
0
0.510999
0.265091
1.27453
0.355573
0
0.218574
0.510999
0.510999
0
1.27453
0
0.510999
0.510999
0.0482832
0.510999
0.510999
0
0
1.27453
0.380193
0.217216
0
0.366332
0.780751
0.230063
0
0.712154
0.228412
0.316147
0
0.510999
0
0.510999
0
0.366845
0
0
1.27453
0
0
0
0.0962273
0
1.27453
0
0.309147
0
1.27453
0
0
0.510999
0.362384
0
0.510999
0.510999
0
0.510999
0
0.177388
0.510999
0
0
0.251372
0.338461
0.044205
0.510999
0
0
0.510999
0.19449
1.57837
0.473442
0.510999
0.325288
0
0.510999
0
0.0478907
0
0
0.510999
0.510999
0.510999
1.27453
0.510999
0
0
0
0
0.510999
0.510999
0
0.510999
0
0
0
0
0.596757
0
0.856031
0
0.510999
0.510999
0
0
0.0609393
0
0.510999
0.843544
0
0.144369
0.510999
0
1.27453
0.510999
0
1.27453
1.78553
0
0.259412
0.510999
0.0351227
0.510999
0.510999
0.271606
0.304749
0.650992
0.309556
0.43708
0.328018
0
0.510999
0.334545
1.0271
0.101591
0.510999
0.510999
0.510999
0
0
0.429457
0.510999
0
1.6631
0.80825
0.510999
0.252533
0
0
0
0.218882
0
0.33596
0
0.40521
0.263492
1.27452
0.232513
0
0
0.275678
0.510999
0.681457
0.30915
0.510999
0.0910062
0
0.510999
0.107638
0
0.325763
0
0.510999
0
0.429892
0
0.510999
0
0.510999
0.181057
1.27453
0
1.27453
0.528603
0
0.0178515
0
0
0.244019
1.27453
0.0260518
0
0.147443
0.0918556
1.27453
0.510999
0
0
0.510999
0.510999
0.510999
0
0.135918
0
0.510999
0.908314
0.201473
0
0.510999
0.510999
0.927101
0.234211
0.510999
0.510999
0
0
1.27453
0.510999
0.241607
1.27453
0
0
0.396721
1.27453
0.556122
0.510999
1.27453
0
0.316917
0.195836
0.510999
0.510999
0.193609
0
0.510999
0
0
0.401444
0
0
0
0
1.27453
1.27453
0
0.218772
0
0.534207
0
0
0.377215
0
0.510999
0.0395377
0.510999
0.19545
0.510999
0.281603
0
0.510999
1.27453
0
0.203356
0.510999
0
0.203461
1.27453
0.510999
1.27451
0.25655
0.175969
0
0.228474
0.510999
0
0
0.510999
0
0.941009
1.27453
0.197518
0
1.0131
0
0.510999
0
1.27453
0
0.510999
0.283551
0
0.339947
0.510999
0.329057
0.510999
0.233871
0.510999
0.239972
0
0
0
0.235238
0
1.27453
0
0.188131
1.27453
1.27453
0
0
0.131684
0.510999
0
0.510999
0.173282
1.78497
0
0.201882
0.510999
0
0
0
0.134828
1.05359
0.455528
0.221948
1.27453
0
1.32816
0
0
0.0974088
0.510999
0.510999
0.244972
0
0
0.153543
0.0886957
0.238105
0
0
0
0
0.510999
0
0
0
0.4564
0
1.27453
0.528603
0
0.0178515
0
0
0.244019
1.27453
0.0260518
0
0.147443
0.0918556
1.27453
0.510999
0
0
0.510999
0.510999
0.510999
0
0.135918
0
0.510999
0.908314
0.201473
0
0.510999
0.510999
0.927101
0.234211
0.510999
0.510999
0
0
1.27453
0.510999
0.241607
1.27453
0
0.510999
0.398786
0
0.510999
0
0.271736
0.790497
0.299863
0
0
0.346078
0.708919
0
0.346298
1.00262
0.190071
0.192456
0.448206
0.0971024
0.510999
0.527449
0.510999
0
0
0.446912
0.510999
0.510999
0.668779
1.27453
0.172616
0
0.510999
0
0.510999
0
0.406526
0.510999
1.27453
0.181121
0.316335
0.15128
0
0.510999
0.145632
0.116517
0
0
0.766602
0.510999
0.510999
0
0.510999
0.265091
1.27453
0.355573
0
0.218574
0.510999
0.510999
0
1.27453
0
0.510999
0.510999
0.0482832
0.510999
0.510999
0
0
1.27453
0.380193
0.168838
0
0.309684
0
0.217216
0
0.366332
0.780751
0.230063
0
0.712154
0.228412
0.316147
0
0.510999
0
0.510999
0
0.366845
0
0
1.27453
0
0
0
0.0962273
0
1.27453
0
0.309147
0
1.27453
0
0
0.510999
0.362384
0
0.510999
0.510999
0
0.510999
0
0.177388
0.510999
0
0
0.251372
0.338461
0.044205
0.510999
0
0
0.510999
0.19449
1.57837
0.473442
0.510999
0.325288
0
0
0.0478907
0
0
0.510999
0.510999
0.510999
1.27453
0.510999
0
0
0
0
0.510999
0.510999
0
0.510999
0
0
0
0
0.596757
0
0.856031
0
0.510999
0.510999
0
0
0.0609393
0.33695
0.510999
0
0
0.510999
0.843544
0
0.144369
0.510999
0
1.27453
0.510999
0
1.27453
1.78553
0
0.259412
0.510999
0.0351227
0.510999
0.510999
0.271606
0.304749
0.650992
0.309556
0.43708
0.328018
0
0.510999
0.334545
1.0271
0.101591
0.510999
0.510999
0.510999
0
0
0.429457
0.510999
0
1.6631
0.80825
0.510999
0.252533
0
0
0
0.218882
0
0.33596
0
0.40521
0.263492
1.27452
0.232513
0
0
0.275678
0.510999
0.681457
0.30915
0.510999
0.0910062
0
0.510999
0.107638
0
0.325763
0
0.510999
0
0.429892
0
0.510999
0
0.510999
0.181057
1.27453
0.398786
0
0.510999
0
0.271736
0.790497
0.299863
0
0
0.346078
0.708919
0
0.346298
1.00262
0.190071
0.192456
0.448206
0.0971024
0.510999
0.527449
0.510999
0
0
0.446912
0.510999
0.510999
0.668779
1.27453
0.172616
0
0.510999
0
0.510999
0
0.406526
0
0.396721
1.27453
0.556122
0.510999
1.27453
0
0.316917
0.195836
0.510999
0.510999
0.193609
0
0.510999
0
0
0.401444
0
0
0
0
1.27453
1.27453
0
0.218772
0
0.534207
0
0
0.377215
0
0.510999
0.0395377
0.510999
0.19545
0.510999
0.281603
0
0.510999
1.27453
0
0.203356
0.510999
0
0.203461
1.27453
0.510999
1.27451
0.25655
0.175969
0
0.228474
0.510999
0
0
0.510999
0
0.941009
1.27453
0.197518
0
1.0131
0
0.510999
0
1.27453
0
0.510999
0.283551
0
0.339947
0.510999
0.329057
0.510999
0.233871
0.510999
0.239972
0
0
0
0.235238
0
1.27453
0
0.188131
1.27453
1.27453
0
0
0.131684
0.510999
0
0.510999
0.173282
1.78497
0
0.201882
0.510999
0
0
0
0.134828
1.05359
0.455528
0.221948
1.27453
0
1.32816
0
0
0.0974088
0.510999
0.510999
0.244972
0
0
0.153543
0.0886957
0.238105
0
0
0
0
0.510999
0
0
0
0.4564
0
1.27453
0.528603
0
0.0178515
0
0
0.244019
1.27453
0.0260518
0
0.147443
0.0918556
1.27453
0.510999
0
0
0.510999
0.510999
0.510999
0
0.135918
0
0.510999
0.908314
0.201473
0
0.510999
0.510999
0.927101
0.234211
0.510999
0.510999
0
0
1.27453
0.510999
0.241607
1.27453
0.398786
0
0.510999
0
0.271736
0.790497
0.299863
0
0
0.346078
0.708919
0
0.346298
1.00262
0.190071
0.192456
0.448206
0.0971024
0.510999
0.527449
0.510999
0
0
0.446912
0.510999
0.510999
0.668779
1.27453
0.172616
0
0.510999
0
0.510999
0
0.406526
0.510999
1.27453
0.181121
0.316335
0.15128
0
0.510999
0.145632
0.116517
0
0
0.766602
0.510999
0.510999
0
0.510999
0.265091
1.27453
0.355573
0
0.218574
0.510999
0.510999
0
1.27453
0
0.510999
0.510999
0.0482832
0.510999
0.510999
0
0
1.27453
0.380193
0.217216
0
0.366332
0.780751
0.230063
0
0.712154
0.228412
0.316147
0
0.510999
0
0.510999
0
0.366845
0
0
1.27453
0
0
0
0.0962273
0
1.27453
0
0.309147
0
1.27453
0
0
0.510999
0.362384
0
0.510999
0.510999
0
0.510999
0
0.177388
0.510999
0
0
0.251372
0.338461
0.044205
0.510999
0
0
0.510999
0.19449
1.57837
0.473442
0.510999
0.325288
0
0.510999
0
0.1997
0
0.0478907
0
0
0.510999
0.510999
0.510999
1.27453
0.510999
0
0
0
0
0.510999
0.510999
0
0.510999
0
0
0
0
0.596757
0
0.856031
0
0.510999
0.510999
0
0
0.0609393
0
0.510999
0.843544
0
0.144369
0.510999
0
1.27453
0.510999
0
1.27453
1.78553
0
0.259412
0.510999
0.0351227
0.510999
0.510999
0.271606
0.304749
0.650992
0.309556
0.43708
0.328018
0
0.510999
0.334545
1.0271
0.101591
0.510999
0.510999
0.510999
0
0
0.429457
0.510999
0
1.6631
0.80825
0.510999
0.252533
0
0
0
0.218882
0
0.33596
0
0.40521
0.263492
1.27452
0.232513
0
0
0.275678
0.510999
0.681457
0.30915
0.510999
0.0910062
0
0.510999
0.107638
0
0.325763
0
0.510999
0
0.429892
0
0.510999
0
0.510999
0.181057
1.27453
0
0.510999
1.27453
0.181121
0.316335
0.15128
0
0.510999
0.145632
0.116517
0
0
0.766602
0.510999
0.510999
0
0.510999
0.265091
1.27453
0.355573
0
0.218574
0.510999
0.510999
0
1.27453
0
0.510999
0.510999
0.0482832
0.510999
0.510999
0
0
1.27453
0.380193
0
0.396721
1.27453
0.556122
0.510999
1.27453
0
0.316917
0.195836
0.510999
0.510999
0.193609
0
0.510999
0
0
0.401444
0
0
0
0
1.27453
1.27453
0
0.218772
0
0.534207
0
0
0.377215
0
0.510999
0.0395377
0.510999
0.19545
0.510999
0.281603
0
0.510999
1.27453
0
0.203356
0.510999
0
0.203461
1.27453
0.510999
1.27451
0.25655
0.175969
0
0.228474
0.510999
0
0
0.510999
0
0.941009
1.27453
0.197518
0
1.0131
0
0.510999
0
1.27453
0
0.510999
0.283551
0
0.339947
0.510999
0.329057
0.510999
0.233871
0.510999
0.239972
0
0
0
0.235238
0
1.27453
1.06264
0
0
0.188131
1.27453
1.27453
0
0
0.131684
0.510999
0
0.510999
0.173282
1.78497
0
0.201882
0.510999
0
0
0
0.134828
1.05359
0.455528
0.221948
1.27453
0
1.32816
0
0
0.0974088
0.510999
0.510999
0.244972
0
0
0.153543
0.0886957
0.238105
0
0
0
0
0.510999
0
0
0
0.4564
0
0.510999
1.27453
0.528603
0
0.0178515
0
0
0.244019
1.27453
0.0260518
0
0.147443
0.0918556
1.27453
0.510999
0
0
0.510999
0.510999
0.510999
0
0.135918
0
0.510999
0.908314
0.201473
0
0.510999
0.510999
0.927101
0.234211
0.510999
0.510999
0
0
1.27453
0.510999
0.241607
1.27453
0
0.510999
0.398786
0
0.510999
0
0.271736
0.790497
0.299863
0
0
0.346078
0.708919
0
0.346298
1.00262
0.190071
0.192456
0.448206
0.0971024
0.510999
0.527449
0.510999
0
0
0.446912
0.510999
0.510999
0.668779
1.27453
0.172616
0
0.510999
0
0.510999
0
0.406526
0.510999
0
0.510999
1.27453
0.181121
0.316335
0.15128
0
0.510999
0.145632
0.116517
0
0
0.766602
0.510999
0.510999
0
0.510999
0.265091
1.27453
0.355573
0
0.218574
0.510999
0.510999
0
1.27453
0
0.510999
0.510999
0.0482832
0.510999
0.510999
0
0
1.27453
0.380193
0.168838
0.217216
0
0.366332
0.780751
0.230063
0
0.712154
0.228412
0.316147
0
0.510999
0
0.510999
0
0.366845
0
0
1.27453
0
0
0
0.0962273
0
1.27453
0
0.309147
0
1.27453
0
0
0.510999
0.362384
0
0.510999
0.510999
0
0.510999
0
0.177388
0.510999
0
0
0.251372
0.338461
0.044205
0.510999
0
0
0.510999
0.19449
1.57837
0.473442
0.510999
0.325288
0
0.510999
0
0
0.0478907
0
0
0.510999
0.510999
0.510999
1.27453
0.510999
0
0
0
0
0.510999
0.510999
0
0.510999
0
0
0
0
0.596757
0
0.856031
0
0.510999
0.510999
0
0
0.0609393
0
0.510999
0.843544
0
0.144369
0.510999
0
1.27453
0.510999
0
1.27453
1.78553
0
0.259412
0.510999
0.0351227
0.510999
0.510999
0.271606
0.304749
0.650992
0.309556
0.43708
0.328018
0
0.510999
0.334545
1.0271
0.101591
0.510999
0.510999
0.510999
0
0
0.429457
0.510999
0
1.6631
0.80825
0.510999
0.252533
0
0
0
0.218882
0
0.33596
0
0.40521
0.263492
1.27452
0.232513
0
0
0.275678
0.510999
0.681457
0.30915
0.510999
0.0910062
0
0.510999
0.107638
0
0.325763
0
0.510999
0
0.429892
0
0.510999
0
0.510999
0.181057
0.217216
0
0.366332
0.780751
0.230063
0
0.712154
0.228412
0.316147
0
0.510999
0
0.510999
0
0.366845
0
0
1.27453
0
0
0
0.0962273
0
1.27453
0
0.309147
0
1.27453
0
0
0.510999
0.362384
0
0.510999
0.510999
0
0.510999
0
0.177388
0.510999
0
0
0.251372
0.338461
0.044205
0.510999
0
0
0.510999
0.19449
1.57837
0.473442
0.510999
0.325288
0
0
0.396721
1.27453
0.556122
0.510999
1.27453
0
0.316917
0.195836
0.510999
0.510999
0.193609
0
0.510999
0
0
0.401444
0
0
0
0
1.27453
1.27453
0
0.218772
0
0.534207
0
0
0.377215
0
0.510999
0.0395377
0.510999
0.19545
0.510999
0.281603
0
0.510999
1.27453
0.203356
0.510999
0
0.203461
1.27453
0.510999
1.27451
0.25655
0.175969
0
0.228474
0.510999
0
0
0.510999
0
0.941009
1.27453
0.197518
0
1.0131
0
0.510999
0
1.27453
0
0.510999
0.283551
0
0.339947
0.510999
0.329057
0.510999
0.233871
0.510999
0.239972
0
0
0
0.235238
0
1.27453
1.06264
0
0
0.188131
1.27453
1.27453
0
0
0.131684
0.510999
0
0.510999
0.173282
1.78497
0
0.201882
0.510999
0
0
0
0.134828
1.05359
0.455528
0.221948
1.27453
0
1.32816
0
0
0.0974088
0.510999
0.510999
0.244972
0
0
0.153543
0.0886957
0.238105
0
0
0
0
0.510999
0
0
0
0.4564
1.27453
0.528603
0
0.0178515
0
0
0.244019
1.27453
0.0260518
0
0.147443
0.0918556
1.27453
0.510999
0
0
0.510999
0.510999
0.510999
0
0.135918
0
0.510999
0.908314
0.201473
0
0.510999
0.510999
0.927101
0.234211
0.510999
0.510999
0
0
1.27453
0.510999
0.241607
1.27453
0
0.398786
0
0.510999
0
0.271736
0.790497
0.299863
0
0
0.346078
0.708919
0
0.346298
1.00262
0.190071
0.192456
0.448206
0.0971024
0.510999
0.527449
0.510999
0
0
0.446912
0.510999
0.510999
0.668779
1.27453
0.172616
0
0.510999
0
0.510999
0
0.406526
0.510999
1.27453
0.181121
0.316335
0.15128
0
0.510999
0.145632
0.116517
0
0
0.766602
0.510999
0.510999
0
0.510999
0.265091
1.27453
0.355573
0
0.218574
0.510999
0.510999
0
1.27453
0
0.510999
0.510999
0.0482832
0.510999
0.510999
0
0
1.27453
0.380193
0.217216
0
0.366332
0.780751
0.230063
0
0.712154
0.228412
0.316147
0
0.510999
0
0.510999
0
0.366845
0
0
1.27453
0
0
0
0.0962273
0
1.27453
0
0.309147
0
1.27453
0
0
0.510999
0.362384
0
0.510999
0.510999
0
0.510999
0
0.177388
0.510999
0
0
0.251372
0.338461
0.044205
0.510999
0
0
0.510999
0.19449
1.57837
0.473442
0.510999
0.325288
0
0
0.0478907
0
0
0.510999
0.510999
0.510999
1.27453
0.510999
0
0
0
0
0.510999
0.510999
0
0.510999
0
0
0
0
0.596757
0
0.856031
0
0.510999
0.510999
0
0
0.0609393
0
0.510999
0.843544
0
0.144369
0.510999
0
1.27453
0.510999
0
1.27453
1.78553
0
0.259412
0.510999
0.0351227
0.510999
0.510999
0.271606
0.304749
0.650992
0.309556
0.43708
0.328018
0
0.510999
0.334545
1.0271
0.101591
0.510999
0.510999
0.510999
0
0
0.429457
0.510999
0
1.6631
0.80825
0.510999
0.252533
0
0
0
0.218882
0
0.33596
0
0.40521
0.263492
1.27452
0.232513
0
0
0.275678
0.510999
0.681457
0.30915
0.510999
0.0910062
0
0.510999
0.107638
0
0.325763
0
0.510999
0
0.429892
0
0.510999
0
0.510999
0.181057
1.27453
0
0.0478907
0
0
0.510999
0.510999
0.510999
1.27453
0.510999
0
0
0
0
0.510999
0.510999
0
0.510999
0
0
0
0
0.596757
0
0.856031
0
0.510999
0.510999
0
0
0.0609393
0
0.396721
1.27453
0.556122
0.510999
1.27453
0
0.316917
0.195836
0.510999
0.510999
0.193609
0
0.510999
0
0
0.401444
0
0
0
0
1.27453
1.27453
0
0.218772
0
0.534207
0
0
0.377215
0
0.510999
0.0395377
0.510999
0.19545
0.510999
0.281603
0
0.510999
1.27453
0
0.203356
0.510999
0
0.203461
1.27453
0.510999
1.27451
0.25655
0.175969
0
0.228474
0.510999
0
0
0.510999
0
0.941009
1.27453
0.197518
0
1.0131
0
0.510999
0
1.27453
0
0.510999
0.283551
0
0.339947
0.510999
0.329057
0.510999
0.233871
0.510999
0.239972
0
0
0
0.235238
0
1.27453
1.06264
0
0
0.188131
1.27453
1.27453
0
0
0.131684
0.510999
0
0.510999
0.173282
1.78497
0
0.201882
0.510999
0
0
0
0.134828
1.05359
0.455528
0.221948
1.27453
0
1.32816
0
0
0.0974088
0.510999
0.510999
0.244972
0
0
0.153543
0.0886957
0.238105
0
0
0
0
0.510999
0
0
0
0.4564
0
1.27453
0.528603
0
0.0178515
0
0
0.244019
1.27453
0.0260518
0
0.147443
0.0918556
1.27453
0.510999
0
0
0.510999
0.510999
0.510999
0
0.135918
0
0.510999
0.908314
0.201473
0
0.510999
0.510999
0.927101
0.234211
0.510999
0.510999
0
0
1.27453
0.510999
0.241607
1.27453
0
0.398786
0
0.510999
0
0.271736
0.790497
0.299863
0
0
0.346078
0.708919
0
0.346298
1.00262
0.190071
0.192456
0.448206
0.0971024
0.510999
0.527449
0.510999
0
0
0.446912
0.510999
0.510999
0.668779
1.27453
0.172616
0
0.510999
0
0.510999
0
0.406526
0.510999
1.27453
0.181121
0.316335
0.15128
0
0.510999
0.145632
0.116517
0
0
0.766602
0.510999
0.510999
0
0.510999
0.265091
1.27453
0.355573
0
0.218574
0.510999
0.510999
0
1.27453
0
0.510999
0.510999
0.0482832
0.510999
0.510999
0
0
1.27453
0.380193
0.168838
0.217216
0
0.366332
0.780751
0.230063
0
0.712154
0.228412
0.316147
0
0.510999
0
0.510999
0
0.366845
0
0
1.27453
0
0
0
0.0962273
0
1.27453
0
0.309147
0
1.27453
0
0
0.510999
0.362384
0
0.510999
0.510999
0
0.510999
0
0.177388
0.510999
0
0
0.251372
0.338461
0.044205
0.510999
0
0
0.510999
0.19449
1.57837
0.473442
0
0.0478907
0
0
0.510999
0.510999
0.510999
1.27453
0.510999
0
0
0
0
0.510999
0.510999
0
0.510999
0
0
0
0
0.596757
0
0.856031
0
0.510999
0.510999
0
0
0.0609393
0
0.510999
0.843544
0
0.144369
0.510999
0
1.27453
0.510999
0
1.27453
1.78553
0
0.259412
0.510999
0.0351227
0.510999
0.510999
0.271606
0.304749
0.650992
0.309556
0.43708
0.328018
0
0.510999
0.334545
1.0271
0.101591
0.510999
0.510999
0.510999
0
0
0.429457
0.510999
0
1.6631
0.80825
0.510999
0.252533
0
0
0
0.218882
0
0.33596
0
0.40521
0.263492
1.27452
0.232513
0
0
0.275678
0.510999
0.681457
0.30915
0.510999
0.0910062
0
0.510999
0.107638
0
0.325763
0
0.510999
0
0.429892
0
0.510999
0
0.510999
0.181057
1.27453
0
0.211615
0
0.510999
0.843544
0
0.144369
0.510999
0
1.27453
0.510999
0
1.27453
1.78553
0
0.259412
0.510999
0.0351227
0.510999
0.510999
0.271606
0.304749
0.650992
0.309556
0.43708
0.328018
0
0.510999
0.334545
1.0271
0.101591
0.510999
0.510999
0.510999
0
0
0.429457
0.510999
0
1.6631
0.80825
0
0.396721
1.27453
0.556122
0.510999
1.27453
0
0.316917
0.195836
0.510999
0.510999
0.193609
0
0.510999
0
0
0.401444
0
0
0
0
1.27453
1.27453
0
0.218772
0
0.534207
0
0
0.377215
0
0.510999
0.0395377
0.510999
0.19545
0.510999
0.281603
0
0.510999
1.27453
0
0.510999
0.203356
0.510999
0
0.203461
1.27453
0.510999
1.27451
0.25655
0.175969
0
0.228474
0.510999
0
0
0.510999
0
0.941009
1.27453
0.197518
0
1.0131
0
0.510999
0
1.27453
0
0.510999
0.283551
0
0.339947
0.510999
0.329057
0.510999
0.233871
0.510999
0.239972
0
0
0
0.235238
0
1.27453
0
0.188131
1.27453
1.27453
0
0
0.131684
0.510999
0
0.510999
0.173282
1.78497
0
0.201882
0.510999
0
0
0
0.134828
1.05359
0.455528
0.221948
1.27453
0
1.32816
0
0
0.0974088
0.510999
0.510999
0.244972
0
0
0.153543
0.0886957
0.238105
0
0
0
0
0.510999
0
0
0
0.4564
0
0.510999
1.27453
0.528603
0
0.0178515
0
0
0.244019
1.27453
0.0260518
0
0.147443
0.0918556
1.27453
0.510999
0
0
0.510999
0.510999
0.510999
0
0.135918
0
0.510999
0.908314
0.201473
0
0.510999
0.510999
0.927101
0.234211
0.510999
0.510999
0
0
1.27453
0.510999
0.241607
1.27453
0
0.510999
0
0
0.398786
0
0.510999
0
0.271736
0.790497
0.299863
0
0
0.346078
0.708919
0
0.346298
1.00262
0.190071
0.192456
0.448206
0.0971024
0.510999
0.527449
0.510999
0
0
0.446912
0.510999
0.510999
0.668779
1.27453
0.172616
0
0.510999
0
0.510999
0
0.406526
0.510999
0
0
0.510999
1.27453
0.181121
0.316335
0.15128
0
0.510999
0.145632
0.116517
0
0
0.766602
0.510999
0.510999
0
0.510999
0.265091
1.27453
0.355573
0
0.218574
0.510999
0.510999
0
1.27453
0
0.510999
0.510999
0.0482832
0.510999
0.510999
0
0
1.27453
0.380193
0.217216
0
0.366332
0.780751
0.230063
0
0.712154
0.228412
0.316147
0
0.510999
0
0.510999
0
0.366845
0
0
1.27453
0
0
0
0.0962273
0
1.27453
0
0.309147
0
1.27453
0
0
0.510999
0.362384
0
0.510999
0.510999
0
0.510999
0
0.177388
0.510999
0
0
0.251372
0.338461
0.044205
0.510999
0
0
0.510999
0.19449
1.57837
0.473442
0.510999
0
0.0478907
0
0
0.510999
0.510999
0.510999
1.27453
0.510999
0
0
0
0
0.510999
0.510999
0
0.510999
0
0
0
0
0.596757
0
0.856031
0
0.510999
0.510999
0
0
0.0609393
0
0.510999
0.843544
0
0.144369
0.510999
0
1.27453
0.510999
0
1.27453
1.78553
0
0.259412
0.510999
0.0351227
0.510999
0.510999
0.271606
0.304749
0.650992
0.309556
0.43708
0.328018
0
0.510999
0.334545
1.0271
0.101591
0.510999
0.510999
0.510999
0
0
0.429457
0.510999
0
1.6631
0.510999
0.252533
0
0
0
0.218882
0
0.33596
0
0.40521
0.263492
1.27452
0.232513
0
0
0.275678
0.510999
0.681457
0.30915
0.510999
0.0910062
0
0.510999
0.107638
0
0.325763
0
0.510999
0
0.429892
0
0.510999
0
0.510999
0.181057
1.27453
0
0.510999
0.252533
0
0
0
0.218882
0
0.33596
0
0.40521
0.263492
1.27452
0.232513
0
0
0.275678
0.510999
0.681457
0.30915
0.510999
0.0910062
0
0.510999
0.107638
0
0.325763
0
0.510999
0
0.429892
0
0.510999
0
0.510999
0.181057
1.27453
