1.27453
0
0
0.510999
0.681396
0.197463
0
0.207919
0
0.0819421
0.201534
0.382188
0
0.510999
0.510999
0.510999
0.0633658
0.478531
0.226337
0.258386
0
0
0.449026
0.412398
0.456604
1.27453
0.510999
0
0
0.510999
0.406319
0.47063
0.510999
1.27453
1.27453
0.252621
0.0439188
0.510999
0.215746
0.364183
0
0.510999
0.411851
1.27453
0
0.271171
0.510999
1.27453
0
0
0.510999
0.681396
0.197463
0
0.207919
0
0.0819421
0.201534
0.382188
0
0.510999
0.510999
0.510999
0.0633658
0.478531
0.226337
0.258386
0
0
0.449026
0.412398
0.456604
1.27453
0.510999
0
0
0.510999
0.406319
0.47063
0.510999
1.27453
1.27453
0.252621
0.0439188
0.510999
0.215746
0.364183
0
0.510999
0.411851
1.27453
0
0.271171
0.510999
0.510999
0.510999
0.777517
0.190242
0.198432
0.0395126
0
0.510999
0.510999
1.05821
0.231031
0.202072
0.510999
0
0.0235326
0.200225
0.0178197
1.06857
0
0.134996
0.27154
0.179077
0
0
0
0
0.0748449
0
0.935064
0
0
1.27453
0.510999
0.184883
0.109466
0.510999
0.81831
0.510999
0.510999
0.510999
1.27453
0.182291
0.510999
0
0.799041
0
0.218736
0.0822693
1.27454
0
0.510181
0
0.414796
0.510999
1.2745
0.510999
0
0
0.510999
0.263512
0.09689
0.386527
0
0
0.510999
1.27453
0
0.695044
0
0.0339409
0.510999
0
0.510999
0
0
0
0
1.27453
0
0.510999
0.58419
0
0
1.18871
0.510999
0
0.452125
0
0.510999
1.27453
0
0.510999
0
0.163647
0
0.127983
0.305111
0.259497
0.109877
0.510999
0.510999
0.324157
0.510999
0.510999
0.372733
0
0
0
0.431559
1.27453
0
1.27453
0
0
0
0.454904
0.187298
0
0
0.702784
0
0.510999
0.125638
0.510999
0
0
1.27453
0.317763
0.510999
0.510999
0
0.55508
0.510999
0.510999
0.743599
0
0.0504495
0
0.510999
0.336253
0
0.0690133
0
0.10284
0
0
1.27453
0.510999
0.301934
0.416759
0.121676
0
0
0.843566
0
0.510999
0
1.27455
0.510999
0.314724
0.0835684
0.220623
0.0882049
0
0
1.27452
0.0727919
0.510999
0.254573
0.418943
0.510999
0.510999
0.510999
0.252634
0.305614
0.510999
0.510999
0
0.286376
0
0.272701
1.27453
0
0.777568
1.27453
0.0564941
0
0
0.202081
0.217197
0.0968163
0.510999
0.510999
1.27453
0.510999
0.62384
0.510999
0
0
0
0
1.27453
0
0.510999
0
0
0.200443
0.510999
0.510999
0.285852
0.510999
0.510999
0
0.510999
1.27453
0
0.572562
0.510999
0.510999
0
0
1.2676
0
0
0
0.510999
0
0.369139
0
0.510999
0.267254
0.0291299
0.33766
0
0
0.304338
0.510999
1.27453
0.510999
0
0.510999
0
0.169868
0.17004
0.990339
0.255661
0.510999
0
0.0269919
0.510999
0
1.27453
0
1.27453
0
0.574198
0.125285
1.04696
0.510999
1.27453
0.510999
0.976922
0.280539
0
0
0.510999
0.194545
0.177427
0.843986
0.340251
0
0.510999
0.178751
0.510999
1.27453
0
0
0.301224
0.510999
1.27453
0
0.461322
0.187547
0.241614
0
0.278391
0.236088
0
0.259823
0
0
0.907555
1.27453
0.510999
0.257463
0.510999
0.0321023
0.153195
0.223198
0
0
0.465527
0
0.766442
0
0.126833
0.195792
0
0.332965
0.510999
0
0.210119
0.510999
0.354386
0.510999
0.325948
0.413086
0.417492
0.252533
0
0.25643
0
0
0
0.510999
0.324577
1.16367
0.150104
0
0
0.361301
0.260925
0.0751919
0.304509
0.217457
0
0
0.281337
0.519292
0
0.753814
0
0.510999
0
0.510999
0
0.221851
0.056373
0
0.269201
0.39274
0
0.141712
0.313146
0.510999
0
0.817787
0.510999
1.14922
0.211484
0.510999
1.27453
0.510999
0.214811
0
0.132101
0.510999
0.629559
0.88415
0.510999
0.510999
0
0.510999
0.329779
0.199741
0
0.81958
1.27453
0.510999
0.228797
1.27455
0
0
0
0.266764
0.510999
0.185497
0
0.510999
0
0
0.224296
0
0
0
0
0.305081
0
0.309947
0.306686
0.0963633
1.27452
0.510999
0
0
0
1.27453
0.334464
0.510999
0
0
0
0.061964
0.100298
0
0.104588
0
0
0
0
0.510999
0.510999
0.510999
0.777517
0.190242
0.198432
0.0395126
0
0.510999
0.510999
1.05821
0.231031
0.202072
0.510999
0
0.0235326
0.200225
0.0178197
1.06857
0
0.134996
0.27154
0.179077
0
0
0
0
0.0748449
0
0.935064
0
0
1.27453
0.510999
0.184883
0.109466
0.510999
0.81831
0.510999
0.510999
0.510999
1.27453
0.182291
0.510999
0
0.799041
0
0.218736
0.0822693
1.27454
0
1.27453
0
0
0.510999
0.681396
0.197463
0
0.207919
0
0.0819421
0.201534
0.382188
0
0.510999
0.510999
0.510999
0.0633658
0.478531
0.226337
0.258386
0
0
0.449026
0.412398
0.456604
1.27453
0.510999
0
0
0.510999
0.406319
0.47063
0.510999
1.27453
1.27453
0.252621
0.0439188
0.510999
0.215746
0.364183
0
0.510999
0.411851
1.27453
0
0.271171
0.510999
0.510999
0
0.510999
0.777517
0.190242
0.198432
0.0395126
0
0.510999
0.510999
1.05821
0.231031
0.202072
0.510999
0
0.0235326
0.200225
0.0178197
1.06857
0
0.134996
0.27154
0.179077
0
0
0
0
0.0748449
0
0.935064
0
0
1.27453
0.510999
0.184883
0.109466
0.510999
0.81831
0.510999
0.510999
0.510999
1.27453
0.182291
0.510999
0
0.799041
0
0.218736
0.0822693
1.27454
0
0.510181
0
0.414796
0.510999
1.2745
0.510999
0
0
0.510999
0.263512
0.09689
0.386527
0
0
0.510999
1.27453
0
0.695044
0
0.0339409
0.510999
0
0.510999
0
0
0
0
1.27453
0
0.510999
0.58419
0
0
1.18871
0.510999
0
0.452125
0
0.510999
1.27453
0
0.510999
0
0.163647
0
0.127983
0.305111
0.259497
0.109877
0.510999
0.510999
0.324157
0.510999
0.510999
0.372733
0
0
0
0.431559
1.27453
0
1.27453
0
0
0
0.454904
0.187298
0
0
0.702784
0
0.510999
0.125638
0.510999
0
0
1.27453
0.317763
0.510999
0.510999
0
0.55508
0.510999
0.510999
0.743599
0
0.0504495
0
0.510999
0.336253
0
0.0690133
0
0
0
1.27453
0.510999
0.301934
0.416759
0.121676
0
0
0.843566
0
0.510999
0
1.27455
0.510999
0.314724
0.0835684
0.220623
0.0882049
0
0
1.27452
0.0727919
0.510999
0.254573
0.418943
0.510999
0.510999
0.510999
0.252634
0.305614
0.510999
0.510999
0
0.286376
0
0.272701
1.27453
0
0.777568
1.27453
0.0564941
0
0
0.202081
0.217197
0.0968163
0.510999
0.510999
1.27453
0.510999
0.62384
0.510999
0
0
0
0
1.27453
0
0.510999
0
0
0.200443
0.510999
0.510999
0.285852
0.510999
0.510999
0
0.510999
1.27453
0
0.572562
0.510999
0.510999
0
0
1.2676
0
0
0
0.510999
0
0.369139
0
0.510999
0.267254
0.0291299
0.33766
0
0
0.304338
0.510999
1.27453
0.510999
0
0.510999
0
0.169868
0
0.17004
0.990339
0.255661
0.510999
0
0.0269919
0.510999
0
1.27453
0
1.27453
0
0.574198
0.125285
1.04696
0.510999
1.27453
0.510999
0.976922
0.280539
0
0
0.510999
0.194545
0.177427
0.843986
0.340251
0
0.510999
0.178751
0.510999
1.27453
0
0
0.301224
0.510999
1.27453
0
0.461322
0.187547
0.241614
0
0.510999
0.244619
0
0
0.90004
0
0.278391
0.236088
0
0.259823
0
0
0.907555
1.27453
0.510999
0.257463
0.510999
0.0321023
0.153195
0.223198
0
0
0.465527
0
0.766442
0
0.126833
0.195792
0
0.332965
0.510999
0
0.210119
0.510999
0.354386
0.510999
0.325948
0.413086
0.417492
0.252533
0
0.25643
0
0
0
0.510999
0.324577
1.16367
0.510999
0.510999
0.150104
0
0
0.361301
0.260925
0.0751919
0.304509
0.217457
0
0
0.281337
0.519292
0
0.753814
0
0.510999
0
0.510999
0
0.221851
0.056373
0
0.269201
0.39274
0
0.141712
0.313146
0.510999
0
0.817787
0.510999
1.14922
0.211484
0.510999
1.27453
0.510999
0.214811
0
0.132101
0.510999
0.629559
0.88415
0.510999
0.510999
0
0.510999
0.329779
0.199741
0
0.81958
1.27453
0.510999
0.228797
1.27455
0
0
0
0.266764
0.510999
0.185497
0
0.510999
0
0
0.224296
0
0
0
0
0.305081
0
0.309947
0.306686
0.0963633
1.27452
0.510999
0
0
0
1.27453
0.334464
0.510999
0
0
0
0.061964
0.100298
0
0.104588
0
0
0
0
0.510999
0.510999
0
0.414796
0.510999
1.2745
0.510999
0
0
0.510999
0.263512
0.09689
0.386527
0
0
0.510999
1.27453
0
0.695044
0
0.0339409
0.510999
0
0.510999
0
0
0
0
1.27453
0
0.510999
0.58419
0
0
1.18871
0.510999
0
0.452125
0
0.510999
1.27453
0
0.510999
1.27453
0
0
0.510999
0.681396
0.197463
0
0.207919
0
0.0819421
0.201534
0.382188
0
0.510999
0.510999
0.510999
0.0633658
0.478531
0.226337
0.258386
0
0
0.449026
0.412398
0.456604
1.27453
0.510999
0
0
0.510999
0.406319
0.47063
0.510999
1.27453
1.27453
0.252621
0.0439188
0.510999
0.215746
0.364183
0
0.510999
0.411851
1.27453
0
0.271171
0.510999
0.777517
0.190242
0.198432
0.0395126
0
0.510999
0.510999
1.05821
0.231031
0.202072
0.510999
0
0.0235326
0.200225
0.0178197
1.06857
0
0.134996
0.27154
0.179077
0
0
0
0
0.0748449
0
0.935064
0
0
1.27453
0.510999
0.184883
0.109466
0.510999
0.81831
0.510999
0.510999
0.510999
1.27453
0.182291
0.510999
0
0.799041
0
0.218736
0.0822693
1.27454
0
0
0.414796
0.510999
1.2745
0.510999
0
0
0.510999
0.263512
0.09689
0.386527
0
0
0.510999
1.27453
0
0.695044
0
0.0339409
0.510999
0
0.510999
0
0
0
0
1.27453
0
0.510999
0.58419
0
0
1.18871
0.510999
0
0.452125
0
0.510999
1.27453
0
0.510999
0
0.163647
0
0.127983
0.305111
0.259497
0.109877
0.510999
0.510999
0.324157
0.510999
0.510999
0.372733
0
0
0
0.431559
1.27453
0
1.27453
0
0
0
0.454904
0.187298
0
0
0.702784
0
0.510999
0.125638
0.510999
0
0
1.27453
0.317763
0.510999
0.510999
0
0.55508
0.510999
0.510999
0.743599
0
0.0504495
0
0.510999
0.336253
0
0.0690133
0
0.10284
0
0
1.27453
0.510999
0.301934
0.416759
0.121676
0
0
0.843566
0
0.510999
0
1.27455
0.510999
0.314724
0.0835684
0.220623
0.0882049
0
0
1.27452
0.0727919
0.510999
0.254573
0.418943
0.510999
0.510999
0.510999
0.252634
0.305614
0.510999
0.510999
0
0.286376
0
0.272701
1.27453
0
0.777568
1.27453
0.0564941
0
0
0.202081
0.217197
0.0968163
0.510999
0.510999
1.27453
0.510999
0.62384
0.510999
0
0
0
1.27453
0
0.510999
0
0
0.200443
0.510999
0.510999
0.285852
0.510999
0.510999
0
0.510999
1.27453
0
0.572562
0.510999
0.510999
0
0
1.2676
0
0
0
0.510999
0
0.369139
0
0.510999
0.267254
0.0291299
0.33766
0
0
0.304338
0.510999
1.27453
0.510999
0
0.510999
0.17004
0.990339
0.255661
0.510999
0
0.0269919
0.510999
0
1.27453
0
1.27453
0
0.574198
0.125285
1.04696
0.510999
1.27453
0.510999
0.976922
0.280539
0
0
0.510999
0.194545
0.177427
0.843986
0.340251
0
0.510999
0.178751
0.510999
1.27453
0
0
0.301224
0.510999
1.27453
0
0.461322
0.187547
0.241614
0
0.510999
0
0.278391
0.236088
0
0.259823
0
0
0.907555
1.27453
0.510999
0.257463
0.510999
0.0321023
0.153195
0.223198
0
0
0.465527
0
0.766442
0
0.126833
0.195792
0
0.332965
0.510999
0
0.210119
0.510999
0.354386
0.510999
0.325948
0.413086
0.417492
0.252533
0
0.25643
0
0
0
0.510999
0.324577
1.16367
0.150104
0
0
0.361301
0.260925
0.0751919
0.304509
0.217457
0
0
0.281337
0.519292
0
0.753814
0
0.510999
0
0.510999
0
0.221851
0.056373
0
0.269201
0.39274
0
0.141712
0.313146
0.510999
0
0.817787
0.510999
1.14922
0.211484
0.510999
1.27453
0.510999
0.214811
0
0.132101
0.510999
0.629559
0.88415
0.510999
0.510999
0
0.510999
0.329779
0.199741
0
0.81958
1.27453
0.510999
0.228797
1.27455
0
0
0
0.266764
0.510999
0.185497
0
0.510999
0
0
0.224296
0
0
0
0
0.305081
0
0.309947
0.306686
0.0963633
1.27452
0.510999
0
0
0
1.27453
0.334464
0.510999
0
0
0
0.061964
0.100298
0
0.104588
0
0
0
0
0.510999
0.510999
0.510999
0
0.163647
0
0.127983
0.305111
0.259497
0.109877
0.510999
0.510999
0.324157
0.510999
0.510999
0.372733
0
0
0
0.431559
1.27453
0
1.27453
0
0
0
0.454904
0.187298
0
0
0.702784
0
0.510999
0.125638
0.510999
0
0
1.27453
0.317763
0.510999
0.510999
0
0.55508
0.510999
0.510999
0.743599
0
0.0504495
0
0.510999
0.336253
0
0.0690133
0
0.10284
0.335155
0.510999
0
0
0.510999
1.27453
0
0
0.510999
0.681396
0.197463
0
0.207919
0
0.0819421
0.201534
0.382188
0
0.510999
0.510999
0.510999
0.0633658
0.478531
0.226337
0.258386
0
0
0.449026
0.412398
0.456604
1.27453
0.510999
0
0
0.510999
0.406319
0.47063
0.510999
1.27453
1.27453
0.252621
0.0439188
0.510999
0.215746
0.364183
0
0.510999
0.411851
1.27453
0
0.271171
0.510999
0.510999
0.510999
0.777517
0.190242
0.198432
0.0395126
0
0.510999
0.510999
1.05821
0.231031
0.202072
0.510999
0
0.0235326
0.200225
0.0178197
1.06857
0
0.134996
0.27154
0.179077
0
0
0
0
0.0748449
0
0.935064
0
0
1.27453
0.510999
0.184883
0.109466
0.510999
0.81831
0.510999
0.510999
0.510999
1.27453
0.182291
0.510999
0
0.799041
0
0.218736
0.0822693
1.27454
0
0.510181
0
0.414796
0.510999
1.2745
0.510999
0
0
0.510999
0.263512
0.09689
0.386527
0
0
0.510999
1.27453
0
0.695044
0
0.0339409
0.510999
0
0.510999
0
0
0
0
1.27453
0
0.510999
0.58419
0
0
1.18871
0.510999
0
0.452125
0
0.510999
1.27453
0
0.510999
0
0.163647
0
0.127983
0.305111
0.259497
0.109877
0.510999
0.510999
0.324157
0.510999
0.510999
0.372733
0
0
0
0.431559
1.27453
0
1.27453
0
0
0
0.454904
0.187298
0
0
0.702784
0
0.510999
0.125638
0.510999
0
0
1.27453
0.317763
0.510999
0.510999
0
0.55508
0.510999
0.510999
0.743599
0
0.0504495
0
0.510999
0.336253
0
0.0690133
0
0.10284
0.335155
0.510999
0
0
0.510999
0
0
1.27453
0.510999
0.301934
0.416759
0.121676
0
0
0.843566
0
0.510999
0
1.27455
0.510999
0.314724
0.0835684
0.220623
0.0882049
0
0
1.27452
0.0727919
0.510999
0.254573
0.418943
0.510999
0.510999
0.510999
0.252634
0.305614
0.510999
0.510999
0
0.286376
0
0.272701
1.27453
0
0.777568
1.27453
0.0564941
0
0
0.202081
0.217197
0.0968163
0.510999
0.510999
1.27453
0.510999
0.62384
0.510999
0
0
0
1.27453
0
0.510999
0
0
0.200443
0.510999
0.510999
0.285852
0.510999
0.510999
0
0.510999
1.27453
0
0.572562
0.510999
0.510999
0
0
1.2676
0
0
0
0.510999
0
0.369139
0
0.510999
0.267254
0.0291299
0.33766
0
0
0.304338
0.510999
1.27453
0.510999
0
0.510999
0
0.169868
0
0.17004
0.990339
0.255661
0.510999
0
0.0269919
0.510999
0
1.27453
0
1.27453
0
0.574198
0.125285
1.04696
0.510999
1.27453
0.510999
0.976922
0.280539
0
0
0.510999
0.194545
0.177427
0.843986
0.340251
0
0.510999
0.178751
0.510999
1.27453
0
0
0.301224
0.510999
1.27453
0
0.461322
0.187547
0.241614
0
0.278391
0.236088
0
0.259823
0
0
0.907555
1.27453
0.510999
0.257463
0.510999
0.0321023
0.153195
0.223198
0
0
0.465527
0
0.766442
0
0.126833
0.195792
0
0.332965
0.510999
0
0.210119
0.510999
0.354386
0.510999
0.325948
0.413086
0.417492
0.252533
0
0.25643
0
0
0
0.510999
0.324577
1.16367
0.510999
0.150104
0
0
0.361301
0.260925
0.0751919
0.304509
0.217457
0
0
0.281337
0.519292
0
0.753814
0
0.510999
0
0.510999
0
0.221851
0.056373
0
0.269201
0.39274
0
0.141712
0.313146
0.510999
0
0.817787
0.510999
1.14922
0.211484
0.510999
1.27453
0.510999
0.214811
0
0.132101
0.510999
0.629559
0.88415
0.510999
0.510999
0
0.510999
0.329779
0.199741
0
0.81958
1.27453
0.510999
0.228797
1.27455
0
0
0
0.266764
0.510999
0.185497
0
0.510999
0
0
0.224296
0
0
0
0
0.305081
0
0.309947
0.306686
0.0963633
1.27452
0.510999
0
0
0
1.27453
0.334464
0.510999
0
0
0
0.061964
0.100298
0
0.104588
0
0
0
0
0.510999
0
0
1.27453
0.510999
0.301934
0.416759
0.121676
0
0
0.843566
0
0.510999
0
1.27455
0.510999
0.314724
0.0835684
0.220623
0.0882049
0
0
1.27452
0.0727919
0.510999
0.254573
0.418943
0.510999
0.510999
0.510999
0.252634
0.305614
0.510999
0.510999
0
0.286376
0
0.272701
1.27453
0
0.777568
1.27453
0.0564941
0
0
0.202081
0.217197
0.0968163
0.510999
0.510999
1.27453
0.510999
0.62384
0.510999
1.27453
0
0
0.510999
0.681396
0.197463
0
0.207919
0
0.0819421
0.201534
0.382188
0
0.510999
0.510999
0.510999
0.0633658
0.478531
0.226337
0.258386
0
0
0.449026
0.412398
0.456604
1.27453
0.510999
0
0
0.510999
0.406319
0.47063
0.510999
1.27453
1.27453
0.252621
0.0439188
0.510999
0.215746
0.364183
0
0.510999
0.411851
1.27453
0
0.271171
0.510999
0.510999
0.510999
0.777517
0.190242
0.198432
0.0395126
0
0.510999
0.510999
1.05821
0.231031
0.202072
0.510999
0
0.0235326
0.200225
0.0178197
1.06857
0
0.134996
0.27154
0.179077
0
0
0
0
0.0748449
0
0.935064
0
0
1.27453
0.510999
0.184883
0.109466
0.510999
0.81831
0.510999
0.510999
0.510999
1.27453
0.182291
0.510999
0
0.799041
0
0.218736
0.0822693
1.27454
0
0.510181
0
0.414796
0.510999
1.2745
0.510999
0
0
0.510999
0.263512
0.09689
0.386527
0
0
0.510999
1.27453
0
0.695044
0
0.0339409
0.510999
0
0.510999
0
0
0
0
1.27453
0
0.510999
0.58419
0
0
1.18871
0.510999
0
0.452125
0
0.510999
1.27453
0
0.510999
0
0.163647
0
0.127983
0.305111
0.259497
0.109877
0.510999
0.510999
0.324157
0.510999
0.510999
0.372733
0
0
0
0.431559
1.27453
0
1.27453
0
0
0
0.454904
0.187298
0
0
0.702784
0
0.510999
0.125638
0.510999
0
0
1.27453
0.317763
0.510999
0.510999
0
0.55508
0.510999
0.510999
0.743599
0
0.0504495
0
0.510999
0.336253
0
0.0690133
0
0
0
1.27453
0.510999
0.301934
0.416759
0.121676
0
0
0.843566
0
0.510999
0
1.27455
0.510999
0.314724
0.0835684
0.220623
0.0882049
0
0
1.27452
0.0727919
0.510999
0.254573
0.418943
0.510999
0.510999
0.510999
0.252634
0.305614
0.510999
0.510999
0
0.286376
0
0.272701
1.27453
0
0.777568
1.27453
0.0564941
0
0
0.202081
0.217197
0.0968163
0.510999
0.510999
1.27453
0.510999
0.62384
0
0
0
1.27453
0
0.510999
0
0
0.200443
0.510999
0.510999
0.285852
0.510999
0.510999
0
0.510999
1.27453
0
0.572562
0.510999
0.510999
0
0
1.2676
0
0
0
0.510999
0
0.369139
0
0.510999
0.267254
0.0291299
0.33766
0
0
0.304338
0.510999
1.27453
0.17004
0.990339
0.255661
0.510999
0
0.0269919
0.510999
0
1.27453
0
1.27453
0
0.574198
0.125285
1.04696
0.510999
1.27453
0.510999
0.976922
0.280539
0
0
0.510999
0.194545
0.177427
0.843986
0.340251
0
0.510999
0.178751
0.510999
1.27453
0
0
0.301224
0.510999
1.27453
0
0.461322
0.187547
0.241614
0
0.510999
0.244619
0
0
0.278391
0.236088
0
0.259823
0
0
0.907555
1.27453
0.510999
0.257463
0.510999
0.0321023
0.153195
0.223198
0
0
0.465527
0
0.766442
0
0.126833
0.195792
0
0.332965
0.510999
0
0.210119
0.510999
0.354386
0.510999
0.325948
0.413086
0.417492
0.252533
0
0.25643
0
0
0
0.510999
0.324577
1.16367
0.150104
0
0
0.361301
0.260925
0.0751919
0.304509
0.217457
0
0
0.281337
0.519292
0
0.753814
0
0.510999
0
0.510999
0
0.221851
0.056373
0
0.269201
0.39274
0
0.141712
0.313146
0.510999
0
0.817787
0.510999
1.14922
0.211484
0.510999
1.27453
0.510999
0.214811
0
0.132101
0.510999
0.629559
0.88415
0.510999
0.510999
0
0.510999
0.329779
0.199741
0
0.81958
1.27453
0.510999
0.228797
1.27455
0
0
0
0.266764
0.510999
0.185497
0
0.510999
0
0
0.224296
0
0
0
0
0.305081
0
0.309947
0.306686
0.0963633
1.27452
0.510999
0
0
0
1.27453
0.334464
0.510999
0
0
0
0.061964
0.100298
0
0.104588
0
0
0
0
0.510999
0.510999
0.510999
0
0
0
1.27453
0
0.510999
0
0
0.200443
0.510999
0.510999
0.285852
0.510999
0.510999
0
0.510999
1.27453
0
0.572562
0.510999
0.510999
0
0
1.2676
0
0
0
0.510999
0
0.369139
0
0.510999
0.267254
0.0291299
0.33766
0
0
0.304338
0.510999
1.27453
0.510999
0
0.510999
1.27453
0
0
0.510999
0.681396
0.197463
0
0.207919
0
0.0819421
0.201534
0.382188
0
0.510999
0.510999
0.510999
0.0633658
0.478531
0.226337
0.258386
0
0
0.449026
0.412398
0.456604
1.27453
0.510999
0
0
0.510999
0.406319
0.47063
0.510999
1.27453
1.27453
0.252621
0.0439188
0.510999
0.215746
0.364183
0
0.510999
0.411851
1.27453
0
0.271171
0.510999
0.510999
0
0
0.510999
0.777517
0.190242
0.198432
0.0395126
0
0.510999
0.510999
1.05821
0.231031
0.202072
0.510999
0
0.0235326
0.200225
0.0178197
1.06857
0
0.134996
0.27154
0.179077
0
0
0
0
0.0748449
0
0.935064
0
0
1.27453
0.510999
0.184883
0.109466
0.510999
0.81831
0.510999
0.510999
0.510999
1.27453
0.182291
0.510999
0
0.799041
0
0.218736
0.0822693
1.27454
0
0.510181
0
0.414796
0.510999
1.2745
0.510999
0
0
0.510999
0.263512
0.09689
0.386527
0
0
0.510999
1.27453
0
0.695044
0
0.0339409
0.510999
0
0.510999
0
0
0
0
1.27453
0
0.510999
0.58419
0
0
1.18871
0.510999
0
0.452125
0
0.510999
1.27453
0
0.510999
0
0.163647
0
0.127983
0.305111
0.259497
0.109877
0.510999
0.510999
0.324157
0.510999
0.510999
0.372733
0
0
0
0.431559
1.27453
0
1.27453
0
0
0
0.454904
0.187298
0
0
0.702784
0
0.510999
0.125638
0.510999
0
0
1.27453
0.317763
0.510999
0.510999
0
0.55508
0.510999
0.510999
0.743599
0
0.0504495
0
0.510999
0.336253
0
0.0690133
0
0.10284
0.335155
0.510999
0
0
0.510999
0
0
1.27453
0.510999
0.301934
0.416759
0.121676
0
0
0.843566
0
0.510999
0
1.27455
0.510999
0.314724
0.0835684
0.220623
0.0882049
0
0
1.27452
0.0727919
0.510999
0.254573
0.418943
0.510999
0.510999
0.510999
0.252634
0.305614
0.510999
0.510999
0
0.286376
0
0.272701
1.27453
0
0.777568
1.27453
0.0564941
0
0
0.202081
0.217197
0.0968163
0.510999
0.510999
1.27453
0.510999
0.62384
0.510999
0
0
0
1.27453
0
0.510999
0
0
0.200443
0.510999
0.510999
0.285852
0.510999
0.510999
0
0.510999
1.27453
0
0.572562
0.510999
0.510999
0
0
1.2676
0
0
0
0.510999
0
0.369139
0
0.510999
0.267254
0.0291299
0.33766
0
0
0.304338
0.510999
1.27453
0.510999
0
0.510999
0
0.169868
0.17004
0.990339
0.255661
0.510999
0
0.0269919
0.510999
0
1.27453
0
1.27453
0
0.574198
0.125285
1.04696
0.510999
1.27453
0.510999
0.976922
0.280539
0
0
0.510999
0.194545
0.177427
0.843986
0.340251
0
0.510999
0.178751
0.510999
1.27453
0
0
0.301224
0.510999
1.27453
0
0.461322
0.187547
0.241614
0
0.510999
0.244619
0
0.278391
0.236088
0
0.259823
0
0
0.907555
1.27453
0.510999
0.257463
0.510999
0.0321023
0.153195
0.223198
0
0
0.465527
0
0.766442
0
0.126833
0.195792
0
0.332965
0.510999
0
0.210119
0.510999
0.354386
0.510999
0.325948
0.413086
0.417492
0.252533
0
0.25643
0
0
0
0.510999
0.324577
1.16367
0.150104
0
0
0.361301
0.260925
0.0751919
0.304509
0.217457
0
0
0.281337
0.519292
0
0.753814
0
0.510999
0
0.510999
0
0.221851
0.056373
0
0.269201
0.39274
0
0.141712
0.313146
0.510999
0
0.817787
0.510999
1.14922
0.211484
0.510999
1.27453
0.510999
0.214811
0
0.132101
0.510999
0.629559
0.88415
0.510999
0.510999
0
0.510999
0.329779
0.199741
0
0.81958
1.27453
0.510999
0.228797
1.27455
0
0
0
0.266764
0.510999
0.185497
0
0.510999
0
0
0.224296
0
0
0
0
0.305081
0
0.309947
0.306686
0.0963633
1.27452
0.510999
0
0
0
1.27453
0.334464
0.510999
0
0
0
0.061964
0.100298
0
0.104588
0
0
0
0.17004
0.990339
0.255661
0.510999
0
0.0269919
0.510999
0
1.27453
0
1.27453
0
0.574198
0.125285
1.04696
0.510999
1.27453
0.510999
0.976922
0.280539
0
0
0.510999
0.194545
0.177427
0.843986
0.340251
0
0.510999
0.178751
0.510999
1.27453
0
0
0.301224
0.510999
1.27453
0
0.461322
0.187547
0.241614
0
0.510999
1.27453
0
0
0.510999
0.681396
0.197463
0
0.207919
0
0.0819421
0.201534
0.382188
0
0.510999
0.510999
0.510999
0.0633658
0.478531
0.226337
0.258386
0
0
0.449026
0.412398
0.456604
1.27453
0.510999
0
0
0.510999
0.406319
0.47063
0.510999
1.27453
1.27453
0.252621
0.0439188
0.510999
0.215746
0.364183
0
0.510999
0.411851
1.27453
0
0.510999
0.777517
0.190242
0.198432
0.0395126
0
0.510999
0.510999
1.05821
0.231031
0.202072
0.510999
0
0.0235326
0.200225
0.0178197
1.06857
0
0.134996
0.27154
0.179077
0
0
0
0
0.0748449
0
0.935064
0
0
1.27453
0.510999
0.184883
0.109466
0.510999
0.81831
0.510999
0.510999
0.510999
1.27453
0.182291
0.510999
0
0.799041
0
0.218736
0.0822693
1.27454
0
0.510181
0
0.414796
0.510999
1.2745
0.510999
0
0
0.510999
0.263512
0.09689
0.386527
0
0
0.510999
1.27453
0
0.695044
0
0.0339409
0.510999
0
0.510999
0
0
0
0
1.27453
0
0.510999
0.58419
0
0
1.18871
0.510999
0
0.452125
0
0
0.163647
0
0.127983
0.305111
0.259497
0.109877
0.510999
0.510999
0.324157
0.510999
0.510999
0.372733
0
0
0
0.431559
1.27453
0
1.27453
0
0
0
0.454904
0.187298
0
0
0.702784
0
0.510999
0.125638
0.510999
0
0
1.27453
0.317763
0.510999
0.510999
0
0.55508
0.510999
0.510999
0.743599
0
0.0504495
0
0.510999
0.336253
0
0.0690133
0
0.10284
0.335155
0.510999
0
0
0.510999
0
0
1.27453
0.510999
0.301934
0.416759
0.121676
0
0
0.843566
0
0.510999
0
1.27455
0.510999
0.314724
0.0835684
0.220623
0.0882049
0
0
1.27452
0.0727919
0.510999
0.254573
0.418943
0.510999
0.510999
0.510999
0.252634
0.305614
0.510999
0.510999
0
0.286376
0
0.272701
1.27453
0
0.777568
1.27453
0.0564941
0
0
0.202081
0.217197
0.0968163
0.510999
0.510999
1.27453
0.510999
0.62384
0.510999
0
0
0
1.27453
0
0.510999
0
0
0.200443
0.510999
0.510999
0.285852
0.510999
0.510999
0
0.510999
1.27453
0
0.572562
0.510999
0.510999
0
0
1.2676
0
0
0
0.510999
0
0.369139
0
0.510999
0.267254
0.0291299
0.33766
0
0
0.304338
0.510999
1.27453
0.510999
0
0.17004
0.990339
0.255661
0.510999
0
0.0269919
0.510999
0
1.27453
0
1.27453
0
0.574198
0.125285
1.04696
0.510999
1.27453
0.510999
0.976922
0.280539
0
0
0.510999
0.194545
0.177427
0.843986
0.340251
0
0.510999
0.178751
0.510999
1.27453
0
0
0.301224
0.510999
1.27453
0
0.461322
0.187547
0.241614
0
0.278391
0.236088
0
0.259823
0
0
0.907555
1.27453
0.510999
0.257463
0.510999
0.0321023
0.153195
0.223198
0
0
0.465527
0
0.766442
0
0.126833
0.195792
0
0.332965
0.510999
0
0.210119
0.510999
0.354386
0.510999
0.325948
0.413086
0.417492
0.252533
0
0.25643
0
0
0
0.510999
0.324577
1.16367
0.150104
0
0
0.361301
0.260925
0.0751919
0.304509
0.217457
0
0
0.281337
0.519292
0
0.753814
0
0.510999
0
0.510999
0
0.221851
0.056373
0
0.269201
0.39274
0
0.141712
0.313146
0.510999
0
0.817787
0.510999
1.14922
0.211484
0.510999
1.27453
0.510999
0.214811
0
0.132101
0.510999
0.629559
0.88415
0.510999
0.510999
0
0.510999
0.329779
0.199741
0
0.81958
1.27453
0.510999
0.228797
1.27455
0
0
0
0.266764
0.510999
0.185497
0
0.510999
0
0
0.224296
0
0
0
0
0.305081
0
0.309947
0.306686
0.0963633
1.27452
0.510999
0
0
0
1.27453
0.334464
0.510999
0
0
0
0.061964
0.100298
0
0.104588
0
0
0
0
0.510999
0
0.278391
0.236088
0
0.259823
0
0
0.907555
1.27453
0.510999
0.257463
0.510999
0.0321023
0.153195
0.223198
0
0
0.465527
0
0.766442
0
0.126833
0.195792
0
0.332965
0.510999
0
0.210119
0.510999
0.354386
0.510999
0.325948
0.413086
0.417492
0.252533
0
0.25643
0
0
0
0.510999
0.324577
1.16367
1.27453
0
0
0.510999
0.681396
0.197463
0
0.207919
0
0.0819421
0.201534
0.382188
0
0.510999
0.510999
0.510999
0.0633658
0.478531
0.226337
0.258386
0
0
0.449026
0.412398
0.456604
1.27453
0.510999
0
0
0.510999
0.406319
0.47063
0.510999
1.27453
1.27453
0.252621
0.0439188
0.510999
0.215746
0.364183
0
0.510999
0.411851
1.27453
0
0.271171
0.510999
0.510999
0
0
0.510999
0.777517
0.190242
0.198432
0.0395126
0
0.510999
0.510999
1.05821
0.231031
0.202072
0.510999
0
0.0235326
0.200225
0.0178197
1.06857
0
0.134996
0.27154
0.179077
0
0
0
0
0.0748449
0
0.935064
0
0
1.27453
0.510999
0.184883
0.109466
0.510999
0.81831
0.510999
0.510999
0.510999
1.27453
0.182291
0.510999
0
0.799041
0
0.218736
0.0822693
1.27454
0
0.510181
0
0.414796
0.510999
1.2745
0.510999
0
0
0.510999
0.263512
0.09689
0.386527
0
0
0.510999
1.27453
0
0.695044
0
0.0339409
0.510999
0
0.510999
0
0
0
0
1.27453
0
0.510999
0.58419
0
0
1.18871
0.510999
0
0.452125
0
0.510999
1.27453
0
0.163647
0
0.127983
0.305111
0.259497
0.109877
0.510999
0.510999
0.324157
0.510999
0.510999
0.372733
0
0
0
0.431559
1.27453
0
1.27453
0
0
0
0.454904
0.187298
0
0
0.702784
0
0.510999
0.125638
0.510999
0
0
1.27453
0.317763
0.510999
0.510999
0
0.55508
0.510999
0.510999
0.743599
0
0.0504495
0
0.510999
0.336253
0
0.0690133
0
0.10284
0.335155
0.510999
0
0
0.510999
0
0
1.27453
0.510999
0.301934
0.416759
0.121676
0
0
0.843566
0
0.510999
0
1.27455
0.510999
0.314724
0.0835684
0.220623
0.0882049
0
0
1.27452
0.0727919
0.510999
0.254573
0.418943
0.510999
0.510999
0.510999
0.252634
0.305614
0.510999
0.510999
0
0.286376
0
0.272701
1.27453
0
0.777568
1.27453
0.0564941
0
0
0.202081
0.217197
0.0968163
0.510999
0.510999
1.27453
0.510999
0
0
0
1.27453
0
0.510999
0
0
0.200443
0.510999
0.510999
0.285852
0.510999
0.510999
0
0.510999
1.27453
0
0.572562
0.510999
0.510999
0
0
1.2676
0
0
0
0.510999
0
0.369139
0
0.510999
0.267254
0.0291299
0.33766
0
0
0.304338
0.510999
1.27453
0.510999
0
0.510999
0
0.169868
0.17004
0.990339
0.255661
0.510999
0
0.0269919
0.510999
0
1.27453
0
1.27453
0
0.574198
0.125285
1.04696
0.510999
1.27453
0.510999
0.976922
0.280539
0
0
0.510999
0.194545
0.177427
0.843986
0.340251
0
0.510999
0.178751
0.510999
1.27453
0
0
0.301224
0.510999
1.27453
0
0.461322
0.187547
0.241614
0
0.278391
0.236088
0
0.259823
0
0
0.907555
1.27453
0.510999
0.257463
0.510999
0.0321023
0.153195
0.223198
0
0
0.465527
0
0.766442
0
0.126833
0.195792
0
0.332965
0.510999
0
0.210119
0.510999
0.354386
0.510999
0.325948
0.413086
0.417492
0.252533
0
0.25643
0
0
0
0.510999
0.324577
0.150104
0
0
0.361301
0.260925
0.0751919
0.304509
0.217457
0
0
0.281337
0.519292
0
0.753814
0
0.510999
0
0.510999
0
0.221851
0.056373
0
0.269201
0.39274
0
0.141712
0.313146
0.510999
0
0.817787
0.510999
1.14922
0.211484
0.510999
1.27453
0.510999
0.214811
0
0.132101
0.510999
0.629559
0.88415
0.510999
0.510999
0
0.510999
0.329779
0.199741
0
0.81958
1.27453
0.510999
0.228797
1.27455
0
0
0
0.266764
0.510999
0.185497
0
0.510999
0
0
0.224296
0
0
0
0
0.305081
0
0.309947
0.306686
0.0963633
1.27452
0.510999
0
0
0
1.27453
0.334464
0.510999
0
0
0
0.061964
0.100298
0
0.104588
0
0
0
0
0.510999
0.510999
0.510999
0
0.150104
0
0
0.361301
0.260925
0.0751919
0.304509
0.217457
0
0
0.281337
0.519292
0
0.753814
0
0.510999
0
0.510999
0
0.221851
0.056373
0
0.269201
0.39274
0
0.141712
0.313146
0.510999
0
0.817787
0.510999
1.14922
0.211484
0.510999
1.27453
0.510999
0.214811
0
0.132101
0.510999
1.27453
0
0
0.510999
0.681396
0.197463
0
0.207919
0
0.0819421
0.201534
0.382188
0
0.510999
0.510999
0.510999
0.0633658
0.478531
0.226337
0.258386
0
0
0.449026
0.412398
0.456604
1.27453
0.510999
0
0
0.510999
0.406319
0.47063
0.510999
1.27453
1.27453
0.252621
0.0439188
0.510999
0.215746
0.364183
0
0.510999
0.411851
1.27453
0
0.271171
0.510999
0.510999
0
0
0.510999
0.777517
0.190242
0.198432
0.0395126
0
0.510999
0.510999
1.05821
0.231031
0.202072
0.510999
0
0.0235326
0.200225
0.0178197
1.06857
0
0.134996
0.27154
0.179077
0
0
0
0
0.0748449
0
0.935064
0
0
1.27453
0.510999
0.184883
0.109466
0.510999
0.81831
0.510999
0.510999
0.510999
1.27453
0.182291
0.510999
0
0.799041
0
0.218736
0.0822693
1.27454
0
0
0.414796
0.510999
1.2745
0.510999
0
0
0.510999
0.263512
0.09689
0.386527
0
0
0.510999
1.27453
0
0.695044
0
0.0339409
0.510999
0
0.510999
0
0
0
0
1.27453
0
0.510999
0.58419
0
0
1.18871
0.510999
0
0.452125
0
0.510999
1.27453
0
0.510999
0
0
0.163647
0
0.127983
0.305111
0.259497
0.109877
0.510999
0.510999
0.324157
0.510999
0.510999
0.372733
0
0
0
0.431559
1.27453
0
1.27453
0
0
0
0.454904
0.187298
0
0
0.702784
0
0.510999
0.125638
0.510999
0
0
1.27453
0.317763
0.510999
0.510999
0
0.55508
0.510999
0.510999
0.743599
0
0.0504495
0
0.510999
0.336253
0
0.0690133
0
0.10284
0.335155
0.510999
0
0
0.510999
0.510999
1.27453
0
0
1.27453
0.510999
0.301934
0.416759
0.121676
0
0
0.843566
0
0.510999
0
1.27455
0.510999
0.314724
0.0835684
0.220623
0.0882049
0
0
1.27452
0.0727919
0.510999
0.254573
0.418943
0.510999
0.510999
0.510999
0.252634
0.305614
0.510999
0.510999
0
0.286376
0
0.272701
1.27453
0
0.777568
1.27453
0.0564941
0
0
0.202081
0.217197
0.0968163
0.510999
0.510999
1.27453
0.510999
0.62384
0.510999
0
0
0
1.27453
0
0.510999
0
0
0.200443
0.510999
0.510999
0.285852
0.510999
0.510999
0
0.510999
1.27453
0
0.572562
0.510999
0.510999
0
0
1.2676
0
0
0
0.510999
0
0.369139
0
0.510999
0.267254
0.0291299
0.33766
0
0
0.304338
0.510999
1.27453
0.510999
0
0.17004
0.990339
0.255661
0.510999
0
0.0269919
0.510999
0
1.27453
0
1.27453
0
0.574198
0.125285
1.04696
0.510999
1.27453
0.510999
0.976922
0.280539
0
0
0.510999
0.194545
0.177427
0.843986
0.340251
0
0.510999
0.178751
0.510999
1.27453
0
0
0.301224
0.510999
1.27453
0
0.461322
0.187547
0.241614
0
0.278391
0.236088
0
0.259823
0
0
0.907555
1.27453
0.510999
0.257463
0.510999
0.0321023
0.153195
0.223198
0
0
0.465527
0
0.766442
0
0.126833
0.195792
0
0.332965
0.510999
0
0.210119
0.510999
0.354386
0.510999
0.325948
0.413086
0.417492
0.252533
0
0.25643
0
0
0
0.510999
0.324577
1.16367
0.150104
0
0
0.361301
0.260925
0.0751919
0.304509
0.217457
0
0
0.281337
0.519292
0
0.753814
0
0.510999
0
0.510999
0
0.221851
0.056373
0
0.269201
0.39274
0
0.141712
0.313146
0.510999
0
0.817787
0.510999
1.14922
0.211484
0.510999
1.27453
0.510999
0.214811
0
0.132101
0.510999
0.629559
0.88415
0.510999
0.510999
0
0.510999
0.329779
0.199741
0
0.81958
1.27453
0.510999
0.228797
1.27455
0
0
0
0.266764
0.510999
0.185497
0
0.510999
0
0
0.224296
0
0
0
0
0.305081
0
0.309947
0.306686
0.0963633
1.27452
0.510999
0
0
0
1.27453
0.334464
0.510999
0
0
0
0.061964
0.100298
0
0.104588
0
0
0
0
0.510999
0.510999
0.510999
0.629559
0.88415
0.510999
0.510999
0
0.510999
0.329779
0.199741
0
0.81958
1.27453
0.510999
0.228797
1.27455
0
0
0
0.266764
0.510999
0.185497
0
0.510999
0
0
0.224296
0
0
0
0
0.305081
0
0.309947
0.306686
0.0963633
1.27452
0.510999
0
0
0
1.27453
0.334464
0.510999
0
0
0
0.061964
0.100298
0
0.104588
0
0
0
0
0.510999
