0.412069
0
0
0
0.510999
0.333105
0.510999
0.363662
0.229111
1.27451
0.510999
0.510999
0
0.510999
0.510999
0.510999
0.318571
0
0.332075
0
0.266617
0
0
0
0
0
0.510999
0
0
0.510999
0.510999
0.11181
1.27453
1.27453
1.27453
0.842347
0
0.412069
0
0
0
0.510999
0.333105
0.510999
0.363662
0.229111
1.27451
0.510999
0.510999
0
0.510999
0.510999
0.510999
0.318571
0
0.332075
0
0.266617
0
0
0
0
0
0.510999
0
0
0.510999
0.510999
0.11181
1.27453
1.27453
1.27453
0.842347
0
0.510999
0.121342
0.510999
0.000977673
1.29688
0.510999
0
0.510999
0.186581
0
1.27453
1.27453
0
0.0594063
0.226576
0.198763
0.806294
0
0.243001
0.0458978
0.684325
0.268797
0.855075
0
0.727052
0.158917
0.132997
0.325573
0
0.510999
0.18948
0.510999
0.510999
0
0.510999
0.103032
0
0
0.510999
0
0
0.510999
0
0
0
0.591887
0.192525
0
0
0
0
0.00284843
0.338375
0
0.390723
0
1.27449
0.510999
0
0
0.913336
0
0
0
0.510999
0.510999
0.187125
0
0.32804
1.27453
0.272745
0.242759
0.510999
0
0
0.510999
0.510999
0
0
0.076133
0
0.301412
0.510999
0.945205
0
0
0
0
0
0.510999
0
0.510999
0.172123
0
0.140627
0
0
1.27453
1.27453
1.27453
0
0.191277
0.510999
0
0.337814
0.510999
1.27453
0.266877
0
0.510999
0.510999
0.173636
0.510999
0
0
0.510999
0
0
0
0.510999
1.27453
0.338054
0
0.330796
0.710152
0
0.510999
0.510999
0
1.27453
0.0685447
0.510999
0.510999
0
0.510999
0
0.98221
0.510999
0.510999
0.243132
0.510999
0
0.510999
0.504068
0
0
0
0
0.306273
0
1.27453
0.213918
0.190165
0.510999
0.510999
0.238001
0.138506
0.279826
0
0.227159
0.178903
0.0684399
0.510999
0.510999
0.510999
0.510999
0.510999
1.27453
0.82101
0.226783
0.205934
0.185068
0
0.510999
0.510999
0.510999
0.316046
1.27453
0
0.0528593
0.510999
0
0.510999
0.345146
0
1.27452
0
0.0993813
0
0.450427
0.185124
0.510999
0.759656
0.510999
0.510999
0.293588
0
0.0864285
0.123268
0
0.0772445
0
0
0
0
0
1.0097
0.510999
0
0
0
0
0
0.452866
0
1.27453
0.510999
0
0
0.10272
0.18644
0.510999
1.27453
0.211705
0.161996
0.452965
0.510999
0.240549
1.27453
0.510999
0.510999
1.13629
0
0
0.31152
1.27453
0.510999
0.510999
0.26002
0
0.254313
0.740724
0.23441
0.307941
0.510999
0.223213
0
1.08111
0.051016
0.226424
1.27453
0.612855
0.0527062
0
1.27453
0.510999
0
0.510999
0.810473
0.157983
0.32573
0.510999
0.0159399
0.510999
0.225662
0.510999
0.243466
0.104367
0.0134866
0
0
0.510999
0.249721
0.237311
0.510999
0
0.510999
0
0.015457
0.510999
0.31754
1.27453
0
0.208422
0.304583
0.292807
0.96272
1.27453
0.510999
0.258205
0
0.510999
0.570114
0.280983
1.27454
0.510999
1.13649
1.27453
0.510999
0
0.510999
0
0
0
0.134137
1.27453
0.271251
0
0.238472
0.510999
0.311745
0.684813
0
0.510999
0
0
0.210967
0.510999
0.510999
0
0
0
1.27453
0
0.275416
0.171684
0
0
0
0
0.510999
0.35029
0
0
0.510999
0
0.510999
0
0.0272011
0
0.510999
0.510999
0
0
0
0.207326
0.510999
0.184666
1.03371
0.510999
0
1.27453
0.510999
0
0
0.203978
0.507851
0.33324
0.222953
0
0.212986
0.13497
0.176813
0.510999
1.27453
1.03679
1.27453
0.77065
0.510999
0.584075
0
0.0913284
0
0
1.10765
0.510999
0.039339
0.175308
1.27453
0
0.510999
0
0.510999
0
0
0.510999
0
0.510999
0.740372
0.510999
0.510999
0.305683
0.29448
0.510999
0.510999
0.510999
0.142096
0.510999
0.510999
0
0
0.510999
0.510999
0.510999
0.510999
0
0.0285986
0.870075
0
0.2708
1.27453
0.510999
0
0.510999
0.510999
0.121342
0.510999
0.000977673
1.29688
0.510999
0
0.510999
0.186581
0
1.27453
1.27453
0
0.0594063
0.226576
0.198763
0.806294
0
0.243001
0.0458978
0.684325
0.268797
0.855075
0
0.727052
0.158917
0.132997
0.325573
0
0.510999
0.18948
0.510999
0.510999
0
0.510999
0.103032
0
0
0.510999
0
0
0.510999
0
0
0
0.591887
0.192525
0
0
0
0
0.00284843
0.338375
0
0.390723
0
0.412069
0
0
0
0.510999
0.333105
0.510999
0.363662
0.229111
1.27451
0.510999
0.510999
0
0.510999
0.510999
0.510999
0.318571
0
0.332075
0
0.266617
0
0
0
0
0
0.510999
0
0
0.510999
0.510999
0.11181
1.27453
1.27453
1.27453
0.842347
0
0.510999
0.121342
0.510999
0.000977673
1.29688
0.510999
0
0.510999
0.186581
0
1.27453
1.27453
0
0.0594063
0.226576
0.198763
0.806294
0
0.243001
0.0458978
0.684325
0.268797
0.855075
0
0.727052
0.158917
0.132997
0.325573
0
0.510999
0.18948
0.510999
0.510999
0
0.510999
0.103032
0
0
0.510999
0
0
0.510999
0
0
0
0.591887
0.192525
0
0
0
0
0.00284843
0.338375
0
0.390723
0
1.27449
0.510999
0
0
0
0.913336
0
0
0
0.510999
0.510999
0.187125
0
0.32804
1.27453
0.272745
0.242759
0.510999
0
0
0.510999
0.510999
0
0
0.076133
0
0.301412
0.510999
0.945205
0
0
0
0
0
0.510999
0
0.510999
0.172123
0
0.140627
0
0
1.27453
1.27453
1.27453
0
0.191277
0.510999
0
0.337814
0.510999
1.27453
0.266877
0
0.510999
0.510999
0.173636
0.327089
0.510999
0
0
0.510999
0
0
0
0.510999
1.27453
0.338054
0
0.330796
0.710152
0
0.510999
0.510999
0
1.27453
0.0685447
0.510999
0.510999
0
0.510999
0
0.98221
0.510999
0.510999
0.243132
0.510999
0
0.510999
0.504068
0
0
0
0
0.306273
0
1.27453
0.213918
0.190165
0.510999
0.510999
0.279826
0
0.227159
0.178903
0.0684399
0.510999
0.510999
0.510999
0.510999
0.510999
1.27453
0.82101
0.226783
0.205934
0.185068
0
0.510999
0.510999
0.510999
0.316046
1.27453
0
0.0528593
0.510999
0
0.510999
0.345146
0
1.27452
0
0.0993813
0
0.450427
0.185124
0.510999
0.759656
0.510999
0.510999
0.293588
0
0.0864285
0.123268
0
0.0772445
0
0
0
0
0
1.0097
0.510999
0
0
0
0
0
0.452866
0
1.27453
0.510999
0
0
0.10272
0.18644
0.510999
1.27453
0.211705
0.161996
0.452965
0.510999
0.240549
1.27453
0.510999
0.510999
1.13629
0
0
0.31152
1.27453
0.510999
0.510999
0.679089
0.26002
0
0.254313
0.740724
0.23441
0.307941
0.510999
0.223213
0
1.08111
0.051016
0.226424
1.27453
0.612855
0.0527062
0
1.27453
0.510999
0
0.510999
0.810473
0.157983
0.32573
0.510999
0.0159399
0.510999
0.225662
0.510999
0.243466
0.104367
0.0134866
0
0
0.510999
0.249721
0.237311
0.510999
0
0.510999
0
0
0.135225
0
0
0.015457
0.510999
0.31754
1.27453
0
0.208422
0.304583
0.292807
0.96272
1.27453
0.510999
0.258205
0
0.510999
0.570114
0.280983
1.27454
0.510999
1.13649
1.27453
0.510999
0
0.510999
0
0
0
0.134137
1.27453
0.271251
0
0.238472
0.510999
0.311745
0.684813
0
0.510999
0
0
0.210967
0.510999
0.510999
0
0
0.740843
0
0
0
1.27453
0
0.275416
0.171684
0
0
0
0
0.510999
0.35029
0
0
0.510999
0
0.510999
0
0.0272011
0
0.510999
0.510999
0
0
0
0.207326
0.510999
0.184666
1.03371
0.510999
0
1.27453
0.510999
0
0
0.203978
0.507851
0.33324
0.222953
0
0.212986
0.13497
0.176813
0.510999
1.27453
1.03679
1.27453
0.77065
0.510999
0.584075
0
0.0913284
0
0
1.10765
0.510999
0.039339
0.175308
1.27453
0
0.510999
0
0.510999
0
0
0.510999
0
0.510999
0.740372
0.510999
0.510999
0.305683
0.29448
0.510999
0.510999
0.510999
0.142096
0.510999
0.510999
0
0
0.510999
0.510999
0.510999
0.510999
0
0.0285986
0.870075
0
0.2708
1.27453
0.510999
0
0.510999
0.510999
0
0
0.913336
0
0
0
0.510999
0.510999
0.187125
0
0.32804
1.27453
0.272745
0.242759
0.510999
0
0
0.510999
0.510999
0
0
0.076133
0
0.301412
0.510999
0.945205
0
0
0
0
0
0.510999
0
0.510999
0.172123
0
0.140627
0
0
1.27453
1.27453
1.27453
0
0.191277
0.510999
0
0.337814
0.510999
1.27453
0.266877
0
0.510999
0.510999
0.173636
0.412069
0
0
0
0.510999
0.333105
0.510999
0.363662
0.229111
1.27451
0.510999
0.510999
0
0.510999
0.510999
0.510999
0.318571
0
0.332075
0
0.266617
0
0
0
0
0
0.510999
0
0
0.510999
0.510999
0.11181
1.27453
1.27453
1.27453
0.842347
0
0.121342
0.510999
0.000977673
1.29688
0.510999
0
0.510999
0.186581
0
1.27453
1.27453
0
0.0594063
0.226576
0.198763
0.806294
0
0.243001
0.0458978
0.684325
0.268797
0.855075
0
0.727052
0.158917
0.132997
0.325573
0
0.510999
0.18948
0.510999
0.510999
0
0.510999
0.103032
0
0
0.510999
0
0
0.510999
0
0
0
0.591887
0.192525
0
0
0
0
0.00284843
0.338375
0
0.390723
0
0
0.913336
0
0
0
0.510999
0.510999
0.187125
0
0.32804
1.27453
0.272745
0.242759
0.510999
0
0
0.510999
0.510999
0
0
0.076133
0
0.301412
0.510999
0.945205
0
0
0
0
0
0.510999
0
0.510999
0.172123
0
0.140627
0
0
1.27453
1.27453
1.27453
0
0.191277
0.510999
0
0.337814
0.510999
1.27453
0.266877
0
0.510999
0.510999
0.173636
0.327089
0.510999
0
0
0.510999
0
0
0
0.510999
1.27453
0.338054
0
0.330796
0.710152
0
0.510999
0.510999
0
1.27453
0.0685447
0.510999
0.510999
0
0.510999
0
0.98221
0.510999
0.510999
0.243132
0.510999
0
0.510999
0.504068
0
0
0
0
0.306273
0
1.27453
0.213918
0.190165
0.510999
0.510999
0.238001
0.138506
0.279826
0
0.227159
0.178903
0.0684399
0.510999
0.510999
0.510999
0.510999
0.510999
1.27453
0.82101
0.226783
0.205934
0.185068
0
0.510999
0.510999
0.510999
0.316046
1.27453
0
0.0528593
0.510999
0
0.510999
0.345146
0
1.27452
0
0.0993813
0
0.450427
0.185124
0.510999
0.759656
0.510999
0.510999
0.293588
0
0.0864285
0
0.0772445
0
0
0
0
0
1.0097
0.510999
0
0
0
0
0
0.452866
0
1.27453
0.510999
0
0
0.10272
0.18644
0.510999
1.27453
0.211705
0.161996
0.452965
0.510999
0.240549
1.27453
0.510999
0.510999
1.13629
0
0
0.31152
1.27453
0.510999
0.510999
0.26002
0
0.254313
0.740724
0.23441
0.307941
0.510999
0.223213
0
1.08111
0.051016
0.226424
1.27453
0.612855
0.0527062
0
1.27453
0.510999
0
0.510999
0.810473
0.157983
0.32573
0.510999
0.0159399
0.510999
0.225662
0.510999
0.243466
0.104367
0.0134866
0
0
0.510999
0.249721
0.237311
0.510999
0
0.510999
0
0
0.135225
0.015457
0.510999
0.31754
1.27453
0
0.208422
0.304583
0.292807
0.96272
1.27453
0.510999
0.258205
0
0.510999
0.570114
0.280983
1.27454
0.510999
1.13649
1.27453
0.510999
0
0.510999
0
0
0
0.134137
1.27453
0.271251
0
0.238472
0.510999
0.311745
0.684813
0
0.510999
0
0
0.210967
0.510999
0.510999
0
0
0
1.27453
0
0.275416
0.171684
0
0
0
0
0.510999
0.35029
0
0
0.510999
0
0.510999
0
0.0272011
0
0.510999
0.510999
0
0
0
0.207326
0.510999
0.184666
1.03371
0.510999
0
1.27453
0.510999
0
0
0.203978
0.507851
0.33324
0.222953
0
0.212986
0.13497
0.176813
0.510999
1.27453
1.03679
1.27453
0.77065
0.510999
0
0.0913284
0
0
1.10765
0.510999
0.039339
0.175308
1.27453
0
0.510999
0
0.510999
0
0
0.510999
0
0.510999
0.740372
0.510999
0.510999
0.305683
0.29448
0.510999
0.510999
0.510999
0.142096
0.510999
0.510999
0
0
0.510999
0.510999
0.510999
0.510999
0
0.0285986
0.870075
0
0.2708
1.27453
0.510999
0
0.510999
0.510999
0.510999
0
0
0.510999
0
0
0
0.510999
1.27453
0.338054
0
0.330796
0.710152
0
0.510999
0.510999
0
1.27453
0.0685447
0.510999
0.510999
0
0.510999
0
0.98221
0.510999
0.510999
0.243132
0.510999
0
0.510999
0.504068
0
0
0
0
0.306273
0
1.27453
0.213918
0.190165
0.510999
0.510999
0.238001
0.138506
1.10428
0.412069
0
0
0
0.510999
0.333105
0.510999
0.363662
0.229111
1.27451
0.510999
0.510999
0
0.510999
0.510999
0.510999
0.318571
0
0.332075
0
0.266617
0
0
0
0
0
0.510999
0
0
0.510999
0.510999
0.11181
1.27453
1.27453
1.27453
0.842347
0
0.510999
0.121342
0.510999
0.000977673
1.29688
0.510999
0
0.510999
0.186581
0
1.27453
1.27453
0
0.0594063
0.226576
0.198763
0.806294
0
0.243001
0.0458978
0.684325
0.268797
0.855075
0
0.727052
0.158917
0.132997
0.325573
0
0.510999
0.18948
0.510999
0.510999
0
0.510999
0.103032
0
0
0.510999
0
0
0.510999
0
0
0
0.591887
0.192525
0
0
0
0
0.00284843
0.338375
0
0.390723
0
1.27449
0.510999
0
0
0.913336
0
0
0
0.510999
0.510999
0.187125
0
0.32804
1.27453
0.272745
0.242759
0.510999
0
0
0.510999
0.510999
0
0
0.076133
0
0.301412
0.510999
0.945205
0
0
0
0
0
0.510999
0
0.510999
0.172123
0
0.140627
0
0
1.27453
1.27453
1.27453
0
0.191277
0.510999
0
0.337814
0.510999
1.27453
0.266877
0
0.510999
0.510999
0.173636
0.510999
0
0
0.510999
0
0
0
0.510999
1.27453
0.338054
0
0.330796
0.710152
0
0.510999
0.510999
0
1.27453
0.0685447
0.510999
0.510999
0
0.510999
0
0.98221
0.510999
0.510999
0.243132
0.510999
0
0.510999
0.504068
0
0
0
0
0.306273
0
1.27453
0.213918
0.190165
0.510999
0.510999
0.238001
0.138506
1.10428
0.279826
0
0.227159
0.178903
0.0684399
0.510999
0.510999
0.510999
0.510999
0.510999
1.27453
0.82101
0.226783
0.205934
0.185068
0
0.510999
0.510999
0.510999
0.316046
1.27453
0
0.0528593
0.510999
0
0.510999
0.345146
0
1.27452
0
0.0993813
0
0.450427
0.185124
0.510999
0.759656
0.510999
0.510999
0
0.0772445
0
0
0
0
0
1.0097
0.510999
0
0
0
0
0
0.452866
0
1.27453
0.510999
0
0
0.10272
0.18644
0.510999
1.27453
0.211705
0.161996
0.452965
0.510999
0.240549
1.27453
0.510999
0.510999
1.13629
0
0
0.31152
1.27453
0.510999
0.510999
0.679089
0.26002
0
0.254313
0.740724
0.23441
0.307941
0.510999
0.223213
0
1.08111
0.051016
0.226424
1.27453
0.612855
0.0527062
0
1.27453
0.510999
0
0.510999
0.810473
0.157983
0.32573
0.510999
0.0159399
0.510999
0.225662
0.510999
0.243466
0.104367
0.0134866
0
0
0.510999
0.249721
0.237311
0.510999
0
0.510999
0
0
0.015457
0.510999
0.31754
1.27453
0
0.208422
0.304583
0.292807
0.96272
1.27453
0.510999
0.258205
0
0.510999
0.570114
0.280983
1.27454
0.510999
1.13649
1.27453
0.510999
0
0.510999
0
0
0
0.134137
1.27453
0.271251
0
0.238472
0.510999
0.311745
0.684813
0
0.510999
0
0
0.210967
0.510999
0.510999
0
0
0.740843
0
0
0
1.27453
0
0.275416
0.171684
0
0
0
0
0.510999
0.35029
0
0
0.510999
0
0.510999
0
0.0272011
0
0.510999
0.510999
0
0
0
0.207326
0.510999
0.184666
1.03371
0.510999
0
1.27453
0.510999
0
0
0.203978
0.507851
0.33324
0.222953
0
0.212986
0.13497
0.176813
0.510999
1.27453
1.03679
1.27453
0.77065
0
0.0913284
0
0
1.10765
0.510999
0.039339
0.175308
1.27453
0
0.510999
0
0.510999
0
0
0.510999
0
0.510999
0.740372
0.510999
0.510999
0.305683
0.29448
0.510999
0.510999
0.510999
0.142096
0.510999
0.510999
0
0
0.510999
0.510999
0.510999
0.510999
0
0.0285986
0.870075
0
0.2708
1.27453
0.510999
0
0.510999
0.279826
0
0.227159
0.178903
0.0684399
0.510999
0.510999
0.510999
0.510999
0.510999
1.27453
0.82101
0.226783
0.205934
0.185068
0
0.510999
0.510999
0.510999
0.316046
1.27453
0
0.0528593
0.510999
0
0.510999
0.345146
0
1.27452
0
0.0993813
0
0.450427
0.185124
0.510999
0.759656
0.510999
0.510999
0.293588
0.412069
0
0
0
0.510999
0.333105
0.510999
0.363662
0.229111
1.27451
0.510999
0.510999
0
0.510999
0.510999
0.510999
0.318571
0
0.332075
0
0.266617
0
0
0
0
0
0.510999
0
0
0.510999
0.510999
0.11181
1.27453
1.27453
1.27453
0.842347
0
0.510999
0.121342
0.510999
0.000977673
1.29688
0.510999
0
0.510999
0.186581
0
1.27453
1.27453
0
0.0594063
0.226576
0.198763
0.806294
0
0.243001
0.0458978
0.684325
0.268797
0.855075
0
0.727052
0.158917
0.132997
0.325573
0
0.510999
0.18948
0.510999
0.510999
0
0.510999
0.103032
0
0
0.510999
0
0
0.510999
0
0
0
0.591887
0.192525
0
0
0
0
0.00284843
0.338375
0
0.390723
0
1.27449
0.510999
0
0
0.913336
0
0
0
0.510999
0.510999
0.187125
0
0.32804
1.27453
0.272745
0.242759
0.510999
0
0
0.510999
0.510999
0
0
0.076133
0
0.301412
0.510999
0.945205
0
0
0
0
0
0.510999
0
0.510999
0.172123
0
0.140627
0
0
1.27453
1.27453
1.27453
0
0.191277
0.510999
0
0.337814
0.510999
1.27453
0.266877
0
0.510999
0.510999
0.173636
0.510999
0
0
0.510999
0
0
0
0.510999
1.27453
0.338054
0
0.330796
0.710152
0
0.510999
0.510999
0
1.27453
0.0685447
0.510999
0.510999
0
0.510999
0
0.98221
0.510999
0.510999
0.243132
0.510999
0
0.510999
0.504068
0
0
0
0
0.306273
0
1.27453
0.213918
0.190165
0.510999
0.510999
0.279826
0
0.227159
0.178903
0.0684399
0.510999
0.510999
0.510999
0.510999
0.510999
1.27453
0.82101
0.226783
0.205934
0.185068
0
0.510999
0.510999
0.510999
0.316046
1.27453
0
0.0528593
0.510999
0
0.510999
0.345146
0
1.27452
0
0.0993813
0
0.450427
0.185124
0.510999
0.759656
0
0.0772445
0
0
0
0
0
1.0097
0.510999
0
0
0
0
0
0.452866
0
1.27453
0.510999
0
0
0.10272
0.18644
0.510999
1.27453
0.211705
0.161996
0.452965
0.510999
0.240549
1.27453
0.510999
0.510999
1.13629
0
0
0.31152
1.27453
0.510999
0.510999
0.26002
0
0.254313
0.740724
0.23441
0.307941
0.510999
0.223213
0
1.08111
0.051016
0.226424
1.27453
0.612855
0.0527062
0
1.27453
0.510999
0
0.510999
0.810473
0.157983
0.32573
0.510999
0.0159399
0.510999
0.225662
0.510999
0.243466
0.104367
0.0134866
0
0
0.510999
0.249721
0.237311
0.510999
0
0.510999
0
0
0.135225
0.015457
0.510999
0.31754
1.27453
0
0.208422
0.304583
0.292807
0.96272
1.27453
0.510999
0.258205
0
0.510999
0.570114
0.280983
1.27454
0.510999
1.13649
1.27453
0.510999
0
0.510999
0
0
0
0.134137
1.27453
0.271251
0
0.238472
0.510999
0.311745
0.684813
0
0.510999
0
0
0.210967
0.510999
0.510999
0
0
1.27453
0
0.275416
0.171684
0
0
0
0
0.510999
0.35029
0
0
0.510999
0
0.510999
0
0.0272011
0
0.510999
0.510999
0
0
0
0.207326
0.510999
0.184666
1.03371
0.510999
0
1.27453
0.510999
0
0
0.203978
0.507851
0.33324
0.222953
0
0.212986
0.13497
0.176813
0.510999
1.27453
1.03679
1.27453
0.77065
0
0.0913284
0
0
1.10765
0.510999
0.039339
0.175308
1.27453
0
0.510999
0
0.510999
0
0
0.510999
0
0.510999
0.740372
0.510999
0.510999
0.305683
0.29448
0.510999
0.510999
0.510999
0.142096
0.510999
0.510999
0
0
0.510999
0.510999
0.510999
0.510999
0
0.0285986
0.870075
0
0.2708
1.27453
0.510999
0
0.510999
0.510999
0
0.0772445
0
0
0
0
0
1.0097
0.510999
0
0
0
0
0
0.452866
0
1.27453
0.510999
0
0
0.10272
0.18644
0.510999
1.27453
0.211705
0.161996
0.452965
0.510999
0.240549
1.27453
0.510999
0.510999
1.13629
0
0
0.31152
1.27453
0.510999
0.510999
0.412069
0
0
0
0.510999
0.333105
0.510999
0.363662
0.229111
1.27451
0.510999
0.510999
0
0.510999
0.510999
0.510999
0.318571
0
0.332075
0
0.266617
0
0
0
0
0
0.510999
0
0
0.510999
0.510999
0.11181
1.27453
1.27453
1.27453
0.842347
0
0.510999
0.121342
0.510999
0.000977673
1.29688
0.510999
0
0.510999
0.186581
0
1.27453
1.27453
0
0.0594063
0.226576
0.198763
0.806294
0
0.243001
0.0458978
0.684325
0.268797
0.855075
0
0.727052
0.158917
0.132997
0.325573
0
0.510999
0.18948
0.510999
0.510999
0
0.510999
0.103032
0
0
0.510999
0
0
0.510999
0
0
0
0.591887
0.192525
0
0
0
0
0.00284843
0.338375
0
0.390723
0
1.27449
0.510999
0
0
0
0.913336
0
0
0
0.510999
0.510999
0.187125
0
0.32804
1.27453
0.272745
0.242759
0.510999
0
0
0.510999
0.510999
0
0
0.076133
0
0.301412
0.510999
0.945205
0
0
0
0
0
0.510999
0
0.510999
0.172123
0
0.140627
0
0
1.27453
1.27453
1.27453
0
0.191277
0.510999
0
0.337814
0.510999
1.27453
0.266877
0
0.510999
0.510999
0.173636
0.327089
0.510999
0
0
0.510999
0
0
0
0.510999
1.27453
0.338054
0
0.330796
0.710152
0
0.510999
0.510999
0
1.27453
0.0685447
0.510999
0.510999
0
0.510999
0
0.98221
0.510999
0.510999
0.243132
0.510999
0
0.510999
0.504068
0
0
0
0
0.306273
0
1.27453
0.213918
0.190165
0.510999
0.510999
0.238001
0.138506
1.10428
0.279826
0
0.227159
0.178903
0.0684399
0.510999
0.510999
0.510999
0.510999
0.510999
1.27453
0.82101
0.226783
0.205934
0.185068
0
0.510999
0.510999
0.510999
0.316046
1.27453
0
0.0528593
0.510999
0
0.510999
0.345146
0
1.27452
0
0.0993813
0
0.450427
0.185124
0.510999
0.759656
0.510999
0.510999
0.293588
0
0
0.0772445
0
0
0
0
0
1.0097
0.510999
0
0
0
0
0
0.452866
0
1.27453
0.510999
0
0
0.10272
0.18644
0.510999
1.27453
0.211705
0.161996
0.452965
0.510999
0.240549
1.27453
0.510999
0.510999
1.13629
0
0
0.31152
1.27453
0.510999
0.510999
0.26002
0
0.254313
0.740724
0.23441
0.307941
0.510999
0.223213
0
1.08111
0.051016
0.226424
1.27453
0.612855
0.0527062
0
1.27453
0.510999
0
0.510999
0.810473
0.157983
0.32573
0.510999
0.0159399
0.510999
0.225662
0.510999
0.243466
0.104367
0.0134866
0
0
0.510999
0.249721
0.237311
0.510999
0
0.510999
0
0
0.135225
0.015457
0.510999
0.31754
1.27453
0
0.208422
0.304583
0.292807
0.96272
1.27453
0.510999
0.258205
0
0.510999
0.570114
0.280983
1.27454
0.510999
1.13649
1.27453
0.510999
0
0.510999
0
0
0
0.134137
1.27453
0.271251
0
0.238472
0.510999
0.311745
0.684813
0
0.510999
0
0
0.210967
0.510999
0.510999
0
0
0
1.27453
0
0.275416
0.171684
0
0
0
0
0.510999
0.35029
0
0
0.510999
0
0.510999
0
0.0272011
0
0.510999
0.510999
0
0
0
0.207326
0.510999
0.184666
1.03371
0.510999
0
1.27453
0.510999
0
0
0.203978
0.507851
0.33324
0.222953
0
0.212986
0.13497
0.176813
0.510999
1.27453
1.03679
1.27453
0.77065
0.510999
0.584075
0
0.0913284
0
0
1.10765
0.510999
0.039339
0.175308
1.27453
0
0.510999
0
0.510999
0
0
0.510999
0
0.510999
0.740372
0.510999
0.510999
0.305683
0.29448
0.510999
0.510999
0.510999
0.142096
0.510999
0.510999
0
0
0.510999
0.510999
0.510999
0.510999
0
0.0285986
0.870075
0
0.2708
1.27453
0.510999
0
0.510999
0.26002
0
0.254313
0.740724
0.23441
0.307941
0.510999
0.223213
0
1.08111
0.051016
0.226424
1.27453
0.612855
0.0527062
0
1.27453
0.510999
0
0.510999
0.810473
0.157983
0.32573
0.510999
0.0159399
0.510999
0.225662
0.510999
0.243466
0.104367
0.0134866
0
0
0.510999
0.249721
0.237311
0.510999
0
0.510999
0
0
0.412069
0
0
0
0.510999
0.333105
0.510999
0.363662
0.229111
1.27451
0.510999
0.510999
0
0.510999
0.510999
0.510999
0.318571
0
0.332075
0
0.266617
0
0
0
0
0
0.510999
0
0
0.510999
0.510999
0.11181
1.27453
1.27453
1.27453
0.842347
0
0.121342
0.510999
0.000977673
1.29688
0.510999
0
0.510999
0.186581
0
1.27453
1.27453
0
0.0594063
0.226576
0.198763
0.806294
0
0.243001
0.0458978
0.684325
0.268797
0.855075
0
0.727052
0.158917
0.132997
0.325573
0
0.510999
0.18948
0.510999
0.510999
0
0.510999
0.103032
0
0
0.510999
0
0
0.510999
0
0
0
0.591887
0.192525
0
0
0
0
0.00284843
0.338375
0
0.390723
0
1.27449
0.510999
0
0
0
0.913336
0
0
0
0.510999
0.510999
0.187125
0
0.32804
1.27453
0.272745
0.242759
0.510999
0
0
0.510999
0.510999
0
0
0.076133
0
0.301412
0.510999
0.945205
0
0
0
0
0
0.510999
0
0.510999
0.172123
0
0.140627
0
0
1.27453
1.27453
1.27453
0
0.191277
0.510999
0
0.337814
0.510999
1.27453
0.266877
0
0.510999
0
0
0.510999
0
0
0
0.510999
1.27453
0.338054
0
0.330796
0.710152
0
0.510999
0.510999
0
1.27453
0.0685447
0.510999
0.510999
0
0.510999
0
0.98221
0.510999
0.510999
0.243132
0.510999
0
0.510999
0.504068
0
0
0
0
0.306273
0
1.27453
0.213918
0.190165
0.510999
0.510999
0.238001
0.138506
1.10428
0.279826
0
0.227159
0.178903
0.0684399
0.510999
0.510999
0.510999
0.510999
0.510999
1.27453
0.82101
0.226783
0.205934
0.185068
0
0.510999
0.510999
0.510999
0.316046
1.27453
0
0.0528593
0.510999
0
0.510999
0.345146
0
1.27452
0
0.0993813
0
0.450427
0.185124
0.510999
0.759656
0
0.0772445
0
0
0
0
0
1.0097
0.510999
0
0
0
0
0
0.452866
0
1.27453
0.510999
0
0
0.10272
0.18644
0.510999
1.27453
0.211705
0.161996
0.452965
0.510999
0.240549
1.27453
0.510999
0.510999
1.13629
0
0
0.31152
1.27453
0.510999
0.510999
0.26002
0
0.254313
0.740724
0.23441
0.307941
0.510999
0.223213
0
1.08111
0.051016
0.226424
1.27453
0.612855
0.0527062
0
1.27453
0.510999
0
0.510999
0.810473
0.157983
0.32573
0.510999
0.0159399
0.510999
0.225662
0.510999
0.243466
0.104367
0.0134866
0
0
0.510999
0.249721
0.237311
0.510999
0
0.510999
0
0
0.015457
0.510999
0.31754
1.27453
0
0.208422
0.304583
0.292807
0.96272
1.27453
0.510999
0.258205
0
0.510999
0.570114
0.280983
1.27454
0.510999
1.13649
1.27453
0.510999
0
0.510999
0
0
0
0.134137
1.27453
0.271251
0
0.238472
0.510999
0.311745
0.684813
0
0.510999
0
0
0.210967
0.510999
0.510999
0
0
1.27453
0
0.275416
0.171684
0
0
0
0
0.510999
0.35029
0
0
0.510999
0
0.510999
0
0.0272011
0
0.510999
0.510999
0
0
0
0.207326
0.510999
0.184666
1.03371
0.510999
0
1.27453
0.510999
0
0
0.203978
0.507851
0.33324
0.222953
0
0.212986
0.13497
0.176813
0.510999
1.27453
1.03679
1.27453
0.77065
0.510999
0.584075
0
0.0913284
0
0
1.10765
0.510999
0.039339
0.175308
1.27453
0
0.510999
0
0.510999
0
0
0.510999
0
0.510999
0.740372
0.510999
0.510999
0.305683
0.29448
0.510999
0.510999
0.510999
0.142096
0.510999
0.510999
0
0
0.510999
0.510999
0.510999
0.510999
0
0.0285986
0.870075
0
0.2708
1.27453
0.510999
0
0.510999
0.510999
0.015457
0.510999
0.31754
1.27453
0
0.208422
0.304583
0.292807
0.96272
1.27453
0.510999
0.258205
0
0.510999
0.570114
0.280983
1.27454
0.510999
1.13649
1.27453
0.510999
0
0.510999
0
0
0
0.134137
1.27453
0.271251
0
0.238472
0.510999
0.311745
0.684813
0
0.510999
0
0
0.210967
0.510999
0.510999
0
0.412069
0
0
0
0.510999
0.333105
0.510999
0.363662
0.229111
1.27451
0.510999
0.510999
0
0.510999
0.510999
0.510999
0.318571
0
0.332075
0
0.266617
0
0
0
0
0
0.510999
0
0
0.510999
0.510999
0.11181
1.27453
1.27453
1.27453
0.842347
0
0.510999
0.121342
0.510999
0.000977673
1.29688
0.510999
0
0.510999
0.186581
0
1.27453
1.27453
0
0.0594063
0.226576
0.198763
0.806294
0
0.243001
0.0458978
0.684325
0.268797
0.855075
0
0.727052
0.158917
0.132997
0.325573
0
0.510999
0.18948
0.510999
0.510999
0
0.510999
0.103032
0
0
0.510999
0
0
0.510999
0
0
0
0.591887
0.192525
0
0
0
0
0.00284843
0.338375
0
0.390723
0
1.27449
0.510999
0
0
0
0.913336
0
0
0
0.510999
0.510999
0.187125
0
0.32804
1.27453
0.272745
0.242759
0.510999
0
0
0.510999
0.510999
0
0
0.076133
0
0.301412
0.510999
0.945205
0
0
0
0
0
0.510999
0
0.510999
0.172123
0
0.140627
0
0
1.27453
1.27453
1.27453
0
0.191277
0.510999
0
0.337814
0.510999
1.27453
0.266877
0
0.510999
0.510999
0.510999
0
0
0.510999
0
0
0
0.510999
1.27453
0.338054
0
0.330796
0.710152
0
0.510999
0.510999
0
1.27453
0.0685447
0.510999
0.510999
0
0.510999
0
0.98221
0.510999
0.510999
0.243132
0.510999
0
0.510999
0.504068
0
0
0
0
0.306273
0
1.27453
0.213918
0.190165
0.510999
0.510999
0.238001
0.138506
1.10428
0.279826
0
0.227159
0.178903
0.0684399
0.510999
0.510999
0.510999
0.510999
0.510999
1.27453
0.82101
0.226783
0.205934
0.185068
0
0.510999
0.510999
0.510999
0.316046
1.27453
0
0.0528593
0.510999
0
0.510999
0.345146
0
1.27452
0
0.0993813
0
0.450427
0.185124
0.510999
0.759656
0
0.0772445
0
0
0
0
0
1.0097
0.510999
0
0
0
0
0
0.452866
0
1.27453
0.510999
0
0
0.10272
0.18644
0.510999
1.27453
0.211705
0.161996
0.452965
0.510999
0.240549
1.27453
0.510999
0.510999
1.13629
0
0
0.31152
1.27453
0.510999
0.510999
0.26002
0
0.254313
0.740724
0.23441
0.307941
0.510999
0.223213
0
1.08111
0.051016
0.226424
1.27453
0.612855
0.0527062
0
1.27453
0.510999
0
0.510999
0.810473
0.157983
0.32573
0.510999
0.0159399
0.510999
0.225662
0.510999
0.243466
0.104367
0.0134866
0
0
0.510999
0.249721
0.237311
0.510999
0
0.510999
0
0.015457
0.510999
0.31754
1.27453
0
0.208422
0.304583
0.292807
0.96272
1.27453
0.510999
0.258205
0
0.510999
0.570114
0.280983
1.27454
0.510999
1.13649
1.27453
0.510999
0
0.510999
0
0
0
0.134137
1.27453
0.271251
0
0.238472
0.510999
0.311745
0.684813
0
0.510999
0
0
0.210967
0.510999
0.510999
0
0
1.27453
0
0.275416
0.171684
0
0
0
0
0.510999
0.35029
0
0
0.510999
0
0.510999
0
0.0272011
0
0.510999
0.510999
0
0
0
0.207326
0.510999
0.184666
1.03371
0.510999
0
1.27453
0.510999
0
0
0.203978
0.507851
0.33324
0.222953
0
0.212986
0.13497
0.176813
0.510999
1.27453
1.03679
1.27453
0.77065
0.510999
0
0.0913284
0
0
1.10765
0.510999
0.039339
0.175308
1.27453
0
0.510999
0
0.510999
0
0
0.510999
0
0.510999
0.740372
0.510999
0.510999
0.305683
0.29448
0.510999
0.510999
0.510999
0.142096
0.510999
0.510999
0
0
0.510999
0.510999
0.510999
0.510999
0
0.0285986
0.870075
0
0.2708
1.27453
0.510999
0
0.510999
0.510999
0
0
1.27453
0
0.275416
0.171684
0
0
0
0
0.510999
0.35029
0
0
0.510999
0
0.510999
0
0.0272011
0
0.510999
0.510999
0
0
0
0.207326
0.510999
0.184666
1.03371
0.510999
0
1.27453
0.510999
0
0
0.203978
0.507851
0.33324
0.222953
0
0.212986
0.13497
0.176813
0.510999
1.27453
1.03679
1.27453
0.77065
0.412069
0
0
0
0.510999
0.333105
0.510999
0.363662
0.229111
1.27451
0.510999
0.510999
0
0.510999
0.510999
0.510999
0.318571
0
0.332075
0
0.266617
0
0
0
0
0
0.510999
0
0
0.510999
0.510999
0.11181
1.27453
1.27453
1.27453
0.842347
0
0.510999
0
0
0.484211
0.121342
0.510999
0.000977673
1.29688
0.510999
0
0.510999
0.186581
0
1.27453
1.27453
0
0.0594063
0.226576
0.198763
0.806294
0
0.243001
0.0458978
0.684325
0.268797
0.855075
0
0.727052
0.158917
0.132997
0.325573
0
0.510999
0.18948
0.510999
0.510999
0
0.510999
0.103032
0
0
0.510999
0
0
0.510999
0
0
0
0.591887
0.192525
0
0
0
0
0.00284843
0.338375
0
0.390723
0
0
0.913336
0
0
0
0.510999
0.510999
0.187125
0
0.32804
1.27453
0.272745
0.242759
0.510999
0
0
0.510999
0.510999
0
0
0.076133
0
0.301412
0.510999
0.945205
0
0
0
0
0
0.510999
0
0.510999
0.172123
0
0.140627
0
0
1.27453
1.27453
1.27453
0
0.191277
0.510999
0
0.337814
0.510999
1.27453
0.266877
0
0.510999
0.510999
0.173636
0.327089
0.510999
0
0
0.510999
0
0
0
0.510999
1.27453
0.338054
0
0.330796
0.710152
0
0.510999
0.510999
0
1.27453
0.0685447
0.510999
0.510999
0
0.510999
0
0.98221
0.510999
0.510999
0.243132
0.510999
0
0.510999
0.504068
0
0
0
0
0.306273
0
1.27453
0.213918
0.190165
0.510999
0.510999
0.238001
0.138506
1.10428
0.279826
0
0.227159
0.178903
0.0684399
0.510999
0.510999
0.510999
0.510999
0.510999
1.27453
0.82101
0.226783
0.205934
0.185068
0
0.510999
0.510999
0.510999
0.316046
1.27453
0
0.0528593
0.510999
0
0.510999
0.345146
0
1.27452
0
0.0993813
0
0.450427
0.185124
0.510999
0.759656
0.510999
0.510999
0.293588
0
0.0864285
0
0.0772445
0
0
0
0
0
1.0097
0.510999
0
0
0
0
0
0.452866
0
1.27453
0.510999
0
0
0.10272
0.18644
0.510999
1.27453
0.211705
0.161996
0.452965
0.510999
0.240549
1.27453
0.510999
0.510999
1.13629
0
0
0.31152
1.27453
0.510999
0.510999
0.26002
0
0.254313
0.740724
0.23441
0.307941
0.510999
0.223213
0
1.08111
0.051016
0.226424
1.27453
0.612855
0.0527062
0
1.27453
0.510999
0
0.510999
0.810473
0.157983
0.32573
0.510999
0.0159399
0.510999
0.225662
0.510999
0.243466
0.104367
0.0134866
0
0
0.510999
0.249721
0.237311
0.510999
0
0.510999
0
0.015457
0.510999
0.31754
1.27453
0
0.208422
0.304583
0.292807
0.96272
1.27453
0.510999
0.258205
0
0.510999
0.570114
0.280983
1.27454
0.510999
1.13649
1.27453
0.510999
0
0.510999
0
0
0
0.134137
1.27453
0.271251
0
0.238472
0.510999
0.311745
0.684813
0
0.510999
0
0
0.210967
0.510999
0.510999
0
0
0
1.27453
0
0.275416
0.171684
0
0
0
0
0.510999
0.35029
0
0
0.510999
0
0.510999
0
0.0272011
0
0.510999
0.510999
0
0
0
0.207326
0.510999
0.184666
1.03371
0.510999
0
1.27453
0.510999
0
0
0.203978
0.507851
0.33324
0.222953
0
0.212986
0.13497
0.176813
0.510999
1.27453
1.03679
1.27453
0.77065
0
0.0913284
0
0
1.10765
0.510999
0.039339
0.175308
1.27453
0
0.510999
0
0.510999
0
0
0.510999
0
0.510999
0.740372
0.510999
0.510999
0.305683
0.29448
0.510999
0.510999
0.510999
0.142096
0.510999
0.510999
0
0
0.510999
0.510999
0.510999
0.510999
0
0.0285986
0.870075
0
0.2708
1.27453
0.510999
0
0.510999
0.510999
0
0.0913284
0
0
1.10765
0.510999
0.039339
0.175308
1.27453
0
0.510999
0
0.510999
0
0
0.510999
0
0.510999
0.740372
0.510999
0.510999
0.305683
0.29448
0.510999
0.510999
0.510999
0.142096
0.510999
0.510999
0
0
0.510999
0.510999
0.510999
0.510999
0
0.0285986
0.870075
0
0.2708
1.27453
0.510999
0
0.510999
