1.27453
0
0
0.510999
0.329262
0
0
0
0.892342
0.180165
0.907168
0
0
1.27453
0.510999
0
0.510999
0.805871
0
0.510999
0
0
0
0
0
1.27453
0
0.510999
0.510999
0
0
1.65401
0
0
0.510999
0.244052
0.341035
0.510999
0
0.581224
0.510999
0.881498
0
1.27453
0
0
0.510999
0.329262
0
0
0
0.892342
0.180165
0.907168
0
0
1.27453
0.510999
0
0.510999
0.805871
0
0.510999
0
0
0
0
0
1.27453
0
0.510999
0.510999
0
0
1.65401
0
0
0.510999
0.244052
0.341035
0.510999
0
0.581224
0.510999
0.881498
0
0.30229
0
0.253233
0.510999
0.510999
0.36739
0.469478
0
0
0.510999
0.284422
0.403911
0.506977
0.573103
0
0.00468285
0.510999
0.510999
0
0.359794
0.510999
0.510999
0.510999
0.510999
0
0
0.510999
0
0
0.510999
0.45622
0.510999
0
0
1.27453
0.0225457
0
1.27454
0.136565
0
0.0387229
0.42873
0
1.27457
0.271039
0.046325
0.510999
0
0
0.257767
1.27453
0.510999
0
0.217598
0
0.510999
0
0.510999
0.510999
0.989656
0
0.510999
0.510999
0
1.27453
0.463143
0
0
0
0.510999
0.536795
0.579487
0
0
0
0.17272
0.510999
0.0441405
1.27453
0.510999
0.46581
0.271858
0
0
1.27453
1.27453
0.0436336
0.483802
0
0.510999
0.510999
0.819529
0.0434652
0.84871
0.165895
0.313606
0
0
0.665151
0.0671769
1.27453
0
0
0
0
0.423922
0.735373
0.510999
1.27453
0.510999
0.510999
0.187552
0.291164
0
0.35234
0.21322
0
0
0
0
0.510999
0.379906
0
0
0.510999
0.745121
0
0.510999
0.510999
0.510999
0.189717
0
0
0.510999
0
0.510999
0.567304
0.390948
0.228607
0
0
0
0.510999
0.899669
0.430964
1.27453
0
0.510999
0.168496
0.150798
0.510999
0
0.144972
1.15281
0.320999
0.342445
0.939823
0.0671754
1.16213
0
0
0.606259
0
0.258365
0.224357
0
0.510999
0.510999
1.27453
0.510999
0.146353
0.510999
0.346836
0.0592025
0
0.510999
0.271869
0.510999
0.420001
0.510999
0.510999
0.510999
0
0.268534
0.510999
0
1.23968
0.510999
1.27453
0
0
0.36832
0
0.510999
1.27455
0.510999
0.41096
0.290191
0
0
0.510999
1.27453
0
0
0
0
0.510999
0.149343
0
0
0
0.157015
0.510999
0.510999
0.510999
0
0
0
0.510999
0
0.510999
0.510999
0
0.169209
1.27453
0.274441
0.182589
0
0.139913
0.587415
0.484007
0
0.510999
0.285025
0.510999
0.510999
0.507109
0
0
0.146559
0
1.27454
0.510999
0.174841
0
0.510999
0
0.510999
0
0.297609
0.993991
0
0.252412
0
0.510999
0.225324
0
0.333283
0
1.27453
0
0.510999
0.286573
0.00890109
0
0.510999
0.00177433
0.260502
0.510999
0.308958
0.510999
0
0.251176
0.510999
0
0
0.510999
0.240967
0
0
0
0.366975
0
0.186807
0.112283
0.510999
0
0.510999
0
0.510999
1.25538
0
0.510999
0.495879
0.335108
1.27453
0.0313749
0
0
0
0.334151
0
0.510999
0.0800598
0.138264
0
0
0.30088
0.156613
0.999508
1.27453
0.510999
0.510999
0
0.510999
0.748565
0.857061
0.048307
0.114087
0
0.510999
0.0611615
0.287616
0.510999
0.321563
0.110862
0.510999
0.510999
0
1.63543
0
1.27453
0
0.333891
0.149698
1.27453
0.941405
0.510999
0.128298
0.293542
0.510999
0.229662
1.02266
0.510999
0.186585
0
1.27453
0.110114
0.510999
0
0.510999
0.46106
0.510999
0
1.27453
0.510999
0
0
0.510999
0
0.236428
0
0
0
0
0.219537
0.510999
1.27453
0.276541
0.510999
0.939428
0
0.43564
0.510999
0
0.510999
0.510999
0
0.325502
0
0.510999
0.306075
0
0
0
0.201052
0.965357
1.27453
0
0
0.339371
0
0.510999
0.510999
0.0974969
1.27453
0
0.250928
0.510999
0
0.055506
0.24298
0.289617
0.510999
0.510999
0
0
0.510999
0.0707534
0.516281
0.329746
0.30229
0
0.253233
0.510999
0.510999
0.36739
0.469478
0
0
0.510999
0.284422
0.403911
0.506977
0.573103
0
0.00468285
0.510999
0.510999
0
0.359794
0.510999
0.510999
0.510999
0.510999
0
0
0.510999
0
0
0.510999
0.45622
0.510999
0
0
1.27453
0.0225457
0
1.27454
0.136565
0
0.0387229
0.42873
0
1.27457
0.271039
0.046325
0.510999
0
1.27453
0
0
0.510999
0.329262
0
0
0
0.892342
0.180165
0.907168
0
0
1.27453
0.510999
0
0.510999
0.805871
0
0.510999
0
0
0
0
0
1.27453
0
0.510999
0.510999
0
0
1.65401
0
0
0.510999
0.244052
0.341035
0.510999
0
0.581224
0.510999
0.881498
0
0.510999
0.30229
0
0.253233
0.510999
0.510999
0.36739
0.469478
0
0
0.510999
0.284422
0.403911
0.506977
0.573103
0
0.00468285
0.510999
0.510999
0
0.359794
0.510999
0.510999
0.510999
0.510999
0
0
0.510999
0
0
0.510999
0.45622
0.510999
0
0
1.27453
0.0225457
0
1.27454
0.136565
0
0.0387229
0.42873
0
1.27457
0.271039
0.046325
0.510999
0
0
0.257767
1.27453
0.510999
0
0.217598
0
0.510999
0
0.510999
0.510999
0.989656
0
0.510999
0.510999
0
1.27453
0.463143
0
0
0
0.510999
0.536795
0.579487
0
0
0
0.17272
0.510999
0.0441405
1.27453
0.510999
0.46581
0.271858
0
0
1.27453
1.27453
0.0436336
0.483802
0
0.510999
0.510999
0.819529
0.0434652
0.84871
0.165895
0.313606
0
0
0.665151
0.0671769
1.27453
0
0
0
0
0.423922
0.735373
0.510999
1.27453
0.510999
0.510999
0.187552
0.291164
0
0.35234
0.21322
0
0
0
0
0.510999
0.379906
0
0
0.510999
0.745121
0
0.510999
0.510999
0.510999
0.189717
0
0
0.510999
0
0.510999
0.567304
0.390948
0.228607
0
0
0
0.510999
0.899669
0.430964
1.27453
0
0.510999
0.168496
0.150798
0.510999
0
0.144972
1.15281
0.320999
0.342445
0.939823
0.0671754
1.16213
0
0
0.606259
0
0.258365
0.224357
0
0.510999
0.510999
1.27453
0.510999
0.146353
0.510999
0.346836
0.0592025
0
0.510999
0.271869
0.510999
0.420001
0.510999
0.510999
0.510999
0
0.268534
0.510999
0
1.23968
0.510999
1.27453
0
0
0.36832
0
0.510999
1.27455
0.510999
0.41096
0.290191
0
0
0.510999
1.27453
0
0
0
0
0.510999
0.149343
0
0
0
0.157015
0.510999
0.510999
0.510999
0
0
0
0.510999
0
0.510999
0.510999
0
0.169209
1.27453
0.274441
0.182589
0
0.139913
0.587415
0.484007
0
0.510999
0.285025
0.510999
0.510999
0.507109
0
0
0.146559
0
1.27454
0.510999
0.174841
0
0.510999
0
0.510999
0
0.297609
0.993991
0
0.252412
0
0.510999
0.225324
0
0.333283
0
1.27453
0
0.510999
0.286573
0.00890109
0
0.510999
0.00177433
0.260502
0.510999
0
0.13535
0
0.308958
0.510999
0
0.251176
0.510999
0
0
0.510999
0.240967
0
0
0
0.366975
0
0.186807
0.112283
0.510999
0
0.510999
0
0.510999
1.25538
0
0.510999
0.495879
0.335108
1.27453
0.0313749
0
0
0
0.334151
0
0.510999
0.0800598
0.138264
0
0
0.30088
0.156613
0.999508
1.27453
0.510999
0.510999
0
0.510999
0.748565
0.857061
0.048307
0.114087
0
0.510999
0.0611615
0.287616
0.510999
0.321563
0.110862
0.510999
0.510999
0
1.63543
0
1.27453
0
0.333891
0.149698
1.27453
0.941405
0.510999
0.128298
0.293542
0.510999
0.229662
1.02266
0.510999
0.186585
0
1.27453
0.110114
0.510999
0
0.510999
0.46106
0.510999
0
1.27453
0.510999
0
0
0.510999
0
0.236428
0
0
0
0
0.219537
0.510999
1.27453
0.276541
0.510999
0.939428
0
0.43564
0.510999
0
0.510999
0.510999
0
0.325502
0
0.510999
0.306075
0
0
0
0.201052
0.965357
1.27453
0
0
0.339371
0
0.510999
0.510999
0.0974969
1.27453
0
0.250928
0.510999
0
0.055506
0.24298
0.289617
0.510999
0.510999
0
0
0.510999
0.0707534
0.516281
0.329746
0.257767
1.27453
0.510999
0
0.217598
0
0.510999
0
0.510999
0.510999
0.989656
0
0.510999
0.510999
0
1.27453
0.463143
0
0
0
0.510999
0.536795
0.579487
0
0
0
0.17272
0.510999
0.0441405
1.27453
0.510999
0.46581
0.271858
0
0
1.27453
1.27453
0.0436336
0.483802
0
0.510999
0.510999
0.819529
1.27453
0
0
0.510999
0.329262
0
0
0
0.892342
0.180165
0.907168
0
0
1.27453
0.510999
0
0.510999
0.805871
0
0.510999
0
0
0
0
0
1.27453
0
0.510999
0.510999
0
0
1.65401
0
0
0.510999
0.244052
0.341035
0.510999
0
0.581224
0.510999
0.30229
0
0.253233
0.510999
0.510999
0.36739
0.469478
0
0
0.510999
0.284422
0.403911
0.506977
0.573103
0
0.00468285
0.510999
0.510999
0
0.359794
0.510999
0.510999
0.510999
0.510999
0
0
0.510999
0
0
0.510999
0.45622
0.510999
0
0
1.27453
0.0225457
0
1.27454
0.136565
0
0.0387229
0.42873
0
1.27457
0.271039
0.046325
0.257767
1.27453
0.510999
0
0.217598
0
0.510999
0
0.510999
0.510999
0.989656
0
0.510999
0.510999
0
1.27453
0.463143
0
0
0
0.510999
0.536795
0.579487
0
0
0
0.17272
0.510999
0.0441405
1.27453
0.510999
0.46581
0.271858
0
0
1.27453
1.27453
0.0436336
0.483802
0
0.510999
0.510999
0.819529
0.0434652
0.84871
0.165895
0.313606
0
0
0.665151
0.0671769
1.27453
0
0
0
0
0.423922
0.735373
0.510999
1.27453
0.510999
0.510999
0.187552
0.291164
0
0.35234
0.21322
0
0
0
0
0.510999
0.379906
0
0
0.510999
0.745121
0
0.510999
0.510999
0.510999
0.189717
0
0
0.510999
0
0.510999
0.567304
0.390948
0.228607
0
0
0
0.510999
0.899669
0.430964
1.27453
0
0.510999
0.168496
0.150798
0.510999
0
0.144972
1.15281
0.320999
0.342445
0.939823
0.0671754
1.16213
0
0
0.606259
0
0.258365
0.224357
0
0.510999
0.510999
1.27453
0.510999
0.146353
0.510999
0.346836
0.0592025
0
0.510999
0.271869
0.420001
0.510999
0.510999
0.510999
0
0.268534
0.510999
0
1.23968
0.510999
1.27453
0
0
0.36832
0
0.510999
1.27455
0.510999
0.41096
0.290191
0
0
0.510999
1.27453
0
0
0
0
0.510999
0.149343
0
0
0
0.157015
0.510999
0.510999
0.510999
0
0
0
0.510999
0
0.510999
0.510999
0
0.169209
1.27453
0.274441
0.182589
0
0.139913
0.587415
0.484007
0
0.510999
0.285025
0.510999
0.510999
0.507109
0
0
0.146559
0
1.27454
0.510999
0.174841
0
0.510999
0
0.510999
0
0.297609
0.993991
0
0.252412
0
0.510999
0.225324
0
0.333283
0
1.27453
0
0.510999
0.286573
0.00890109
0
0.510999
0.00177433
0.260502
0.510999
0
0.13535
0.308958
0.510999
0
0.251176
0.510999
0
0
0.510999
0.240967
0
0
0
0.366975
0
0.186807
0.112283
0.510999
0
0.510999
0
0.510999
1.25538
0
0.510999
0.495879
0.335108
1.27453
0.0313749
0
0
0
0.334151
0
0.510999
0.0800598
0.138264
0
0
0.30088
0.156613
0.999508
1.27453
0.510999
0.510999
0
0.510999
0.748565
0.857061
0.048307
0.114087
0
0.510999
0.0611615
0.287616
0.510999
0.321563
0.110862
0.510999
0.510999
0
1.63543
0
1.27453
0
0.333891
0.149698
1.27453
0.941405
0.510999
0.128298
0.293542
0.510999
0.229662
1.02266
0.510999
0.186585
0
1.27453
0.110114
0.510999
0
0.510999
0.46106
0.510999
0
1.27453
0.510999
0
0
0.510999
0
0.236428
0
0
0
0
0.219537
0.510999
0.276541
0.510999
0.939428
0
0.43564
0.510999
0
0.510999
0.510999
0
0.325502
0
0.510999
0.306075
0
0
0
0.201052
0.965357
1.27453
0
0
0.339371
0
0.510999
0.510999
0.0974969
1.27453
0
0.250928
0.510999
0
0.055506
0.24298
0.289617
0.510999
0.510999
0
0
0.510999
0.0707534
0.516281
0.329746
1.27453
0.510999
0.0434652
0.84871
0.165895
0.313606
0
0
0.665151
0.0671769
1.27453
0
0
0
0
0.423922
0.735373
0.510999
1.27453
0.510999
0.510999
0.187552
0.291164
0
0.35234
0.21322
0
0
0
0
0.510999
0.379906
0
0
0.510999
0.745121
0
0.510999
0.510999
0.510999
0.189717
0
0
0.510999
0
0.510999
0
1.27453
0
0
0.510999
0.329262
0
0
0
0.892342
0.180165
0.907168
0
0
1.27453
0.510999
0
0.510999
0.805871
0
0.510999
0
0
0
0
0
1.27453
0
0.510999
0.510999
0
0
1.65401
0
0
0.510999
0.244052
0.341035
0.510999
0
0.581224
0.510999
0.881498
0
0.30229
0
0.253233
0.510999
0.510999
0.36739
0.469478
0
0
0.510999
0.284422
0.403911
0.506977
0.573103
0
0.00468285
0.510999
0.510999
0
0.359794
0.510999
0.510999
0.510999
0.510999
0
0
0.510999
0
0
0.510999
0.45622
0.510999
0
0
1.27453
0.0225457
0
1.27454
0.136565
0
0.0387229
0.42873
0
1.27457
0.271039
0.046325
0.510999
0
0
0.257767
1.27453
0.510999
0
0.217598
0
0.510999
0
0.510999
0.510999
0.989656
0
0.510999
0.510999
0
1.27453
0.463143
0
0
0
0.510999
0.536795
0.579487
0
0
0
0.17272
0.510999
0.0441405
1.27453
0.510999
0.46581
0.271858
0
0
1.27453
1.27453
0.0436336
0.483802
0
0.510999
0.510999
0.819529
0.0434652
0.84871
0.165895
0.313606
0
0
0.665151
0.0671769
1.27453
0
0
0
0
0.423922
0.735373
0.510999
1.27453
0.510999
0.510999
0.187552
0.291164
0
0.35234
0.21322
0
0
0
0
0.510999
0.379906
0
0
0.510999
0.745121
0
0.510999
0.510999
0.510999
0.189717
0
0
0.510999
0
0.510999
0
0.510999
0.567304
0.390948
0.228607
0
0
0
0.510999
0.899669
0.430964
1.27453
0
0.510999
0.168496
0.150798
0.510999
0
0.144972
1.15281
0.320999
0.342445
0.939823
0.0671754
1.16213
0
0
0.606259
0
0.258365
0.224357
0
0.510999
0.510999
1.27453
0.510999
0.146353
0.510999
0.346836
0.0592025
0
0.510999
0.271869
0.420001
0.510999
0.510999
0.510999
0
0.268534
0.510999
0
1.23968
0.510999
1.27453
0
0
0.36832
0
0.510999
1.27455
0.510999
0.41096
0.290191
0
0
0.510999
1.27453
0
0
0
0
0.510999
0.149343
0
0
0
0.157015
0.510999
0.510999
0.510999
0
0
0
0.510999
0
0.510999
0.510999
0
0.169209
1.27453
0.274441
0.182589
0
0.139913
0.587415
0.484007
0
0.510999
0.285025
0.510999
0.510999
0.507109
0
0
0.146559
0
1.27454
0.510999
0.174841
0
0.510999
0
0.510999
0
0.297609
0.993991
0
0.252412
0
0.510999
0.225324
0
0.333283
0
1.27453
0
0.510999
0.286573
0.00890109
0
0.510999
0.00177433
0.260502
0.510999
0
0.308958
0.510999
0
0.251176
0.510999
0
0
0.510999
0.240967
0
0
0
0.366975
0
0.186807
0.112283
0.510999
0
0.510999
0
0.510999
1.25538
0
0.510999
0.495879
0.335108
1.27453
0.0313749
0
0
0
0.334151
0
0.510999
0.0800598
0.138264
0
0
0.30088
0.156613
0.999508
1.27453
0.510999
0.510999
0
0.510999
0.748565
0.857061
0.048307
0.114087
0
0.510999
0.0611615
0.287616
0.510999
0.321563
0.110862
0.510999
0.510999
0
1.63543
0
1.27453
0
0.333891
0.149698
1.27453
0.941405
0.510999
0.128298
0.293542
0.510999
0.229662
1.02266
0.510999
0.186585
0
1.27453
0.110114
0.510999
0
0.510999
0.46106
0.510999
0
1.27453
0.510999
0
0
0.510999
0
0.236428
0
0
0
0
0.219537
0.276541
0.510999
0.939428
0
0.43564
0.510999
0
0.510999
0.510999
0
0.325502
0
0.510999
0.306075
0
0
0
0.201052
0.965357
1.27453
0
0
0.339371
0
0.510999
0.510999
0.0974969
1.27453
0
0.250928
0.510999
0
0.055506
0.24298
0.289617
0.510999
0.510999
0
0
0.510999
0.0707534
0.516281
0.329746
0.567304
0.390948
0.228607
0
0
0
0.510999
0.899669
0.430964
1.27453
0
0.510999
0.168496
0.150798
0.510999
0
0.144972
1.15281
0.320999
0.342445
0.939823
0.0671754
1.16213
0
0
0.606259
0
0.258365
0.224357
0
0.510999
0.510999
1.27453
0.510999
0.146353
0.510999
0.346836
0.0592025
0
0.510999
0.271869
1.27453
0
0
0.510999
0.329262
0
0
0
0.892342
0.180165
0.907168
0
0
1.27453
0.510999
0
0.510999
0.805871
0
0.510999
0
0
0
0
0
1.27453
0
0.510999
0.510999
0
0
1.65401
0
0
0.510999
0.244052
0.341035
0.510999
0
0.581224
0.510999
0.881498
0
0.30229
0
0.253233
0.510999
0.510999
0.36739
0.469478
0
0
0.510999
0.284422
0.403911
0.506977
0.573103
0
0.00468285
0.510999
0.510999
0
0.359794
0.510999
0.510999
0.510999
0.510999
0
0
0.510999
0
0
0.510999
0.45622
0.510999
0
0
1.27453
0.0225457
0
1.27454
0.136565
0
0.0387229
0.42873
0
1.27457
0.271039
0.046325
0.510999
0
0
0.257767
1.27453
0.510999
0
0.217598
0
0.510999
0
0.510999
0.510999
0.989656
0
0.510999
0.510999
0
1.27453
0.463143
0
0
0
0.510999
0.536795
0.579487
0
0
0
0.17272
0.510999
0.0441405
1.27453
0.510999
0.46581
0.271858
0
0
1.27453
1.27453
0.0436336
0.483802
0
0.510999
0.510999
0.819529
0.0434652
0.84871
0.165895
0.313606
0
0
0.665151
0.0671769
1.27453
0
0
0
0
0.423922
0.735373
0.510999
1.27453
0.510999
0.510999
0.187552
0.291164
0
0.35234
0.21322
0
0
0
0
0.510999
0.379906
0
0
0.510999
0.745121
0
0.510999
0.510999
0.510999
0.189717
0
0
0.510999
0
0.510999
0.567304
0.390948
0.228607
0
0
0
0.510999
0.899669
0.430964
1.27453
0
0.510999
0.168496
0.150798
0.510999
0
0.144972
1.15281
0.320999
0.342445
0.939823
0.0671754
1.16213
0
0
0.606259
0
0.258365
0.224357
0
0.510999
0.510999
1.27453
0.510999
0.146353
0.510999
0.346836
0.0592025
0
0.510999
0.271869
0.420001
0.510999
0.510999
0.510999
0
0.268534
0.510999
0
1.23968
0.510999
1.27453
0
0
0.36832
0
0.510999
1.27455
0.510999
0.41096
0.290191
0
0
0.510999
1.27453
0
0
0
0
0.510999
0.149343
0
0
0
0.157015
0.510999
0.510999
0.510999
0
0
0
0.510999
0
0.510999
0.510999
0
0.169209
1.27453
0.274441
0.182589
0
0.139913
0.587415
0.484007
0
0.510999
0.285025
0.510999
0.510999
0.507109
0
0
0.146559
0
1.27454
0.510999
0.174841
0
0.510999
0
0.510999
0
0.297609
0.993991
0
0.252412
0
0.510999
0.225324
0
0.333283
0
1.27453
0
0.510999
0.286573
0.00890109
0
0.510999
0.00177433
0.260502
0.510999
0
0.13535
0.308958
0.510999
0
0.251176
0.510999
0
0
0.510999
0.240967
0
0
0
0.366975
0
0.186807
0.112283
0.510999
0
0.510999
0
0.510999
1.25538
0
0.510999
0.495879
0.335108
1.27453
0.0313749
0
0
0
0.334151
0
0.510999
0.0800598
0.138264
0
0
0.30088
0.156613
0.999508
1.27453
0.510999
0.510999
0
0.510999
0.748565
0.857061
0.048307
0.114087
0
0.510999
0.0611615
0.287616
0.510999
0.321563
0.110862
0.510999
1.63543
0
1.27453
0
0.333891
0.149698
1.27453
0.941405
0.510999
0.128298
0.293542
0.510999
0.229662
1.02266
0.510999
0.186585
0
1.27453
0.110114
0.510999
0
0.510999
0.46106
0.510999
0
1.27453
0.510999
0
0
0.510999
0
0.236428
0
0
0
0
0.219537
0.276541
0.510999
0.939428
0
0.43564
0.510999
0
0.510999
0.510999
0
0.325502
0
0.510999
0.306075
0
0
0
0.201052
0.965357
1.27453
0
0
0.339371
0
0.510999
0.510999
0.0974969
1.27453
0
0.250928
0.510999
0
0.055506
0.24298
0.289617
0.510999
0.510999
0
0
0.510999
0.0707534
0.516281
0.329746
1.27453
0.420001
0.510999
0.510999
0.510999
0
0.268534
0.510999
0
1.23968
0.510999
1.27453
0
0
0.36832
0
0.510999
1.27455
0.510999
0.41096
0.290191
0
0
0.510999
1.27453
0
0
0
0
0.510999
0.149343
0
0
0
0.157015
0.510999
0.510999
0.510999
0
0
0
0.510999
0
0.510999
0.510999
0
0.169209
1.27453
0.274441
0.182589
0
1.27453
0
0
0.510999
0.329262
0
0
0
0.892342
0.180165
0.907168
0
0
1.27453
0.510999
0
0.510999
0.805871
0
0.510999
0
0
0
0
0
1.27453
0
0.510999
0.510999
0
0
1.65401
0
0
0.510999
0.244052
0.341035
0.510999
0
0.581224
0.510999
0.881498
0
0.510999
0.213416
0.30229
0
0.253233
0.510999
0.510999
0.36739
0.469478
0
0
0.510999
0.284422
0.403911
0.506977
0.573103
0
0.00468285
0.510999
0.510999
0
0.359794
0.510999
0.510999
0.510999
0.510999
0
0
0.510999
0
0
0.510999
0.45622
0.510999
0
0
1.27453
0.0225457
0
1.27454
0.136565
0
0.0387229
0.42873
0
1.27457
0.271039
0.046325
0.510999
0
0
0.257767
1.27453
0.510999
0
0.217598
0
0.510999
0
0.510999
0.510999
0.989656
0
0.510999
0.510999
0
1.27453
0.463143
0
0
0
0.510999
0.536795
0.579487
0
0
0
0.17272
0.510999
0.0441405
1.27453
0.510999
0.46581
0.271858
0
0
1.27453
1.27453
0.0436336
0.483802
0
0.510999
0.510999
0.819529
0.0434652
0.84871
0.165895
0.313606
0
0
0.665151
0.0671769
1.27453
0
0
0
0
0.423922
0.735373
0.510999
1.27453
0.510999
0.510999
0.187552
0.291164
0
0.35234
0.21322
0
0
0
0
0.510999
0.379906
0
0
0.510999
0.745121
0
0.510999
0.510999
0.510999
0.189717
0
0
0.510999
0
0.510999
0
0.510999
0.567304
0.390948
0.228607
0
0
0
0.510999
0.899669
0.430964
1.27453
0
0.510999
0.168496
0.150798
0.510999
0
0.144972
1.15281
0.320999
0.342445
0.939823
0.0671754
1.16213
0
0
0.606259
0
0.258365
0.224357
0
0.510999
0.510999
1.27453
0.510999
0.146353
0.510999
0.346836
0.0592025
0
0.510999
0.271869
0.420001
0.510999
0.510999
0.510999
0
0.268534
0.510999
0
1.23968
0.510999
1.27453
0
0
0.36832
0
0.510999
1.27455
0.510999
0.41096
0.290191
0
0
0.510999
1.27453
0
0
0
0
0.510999
0.149343
0
0
0
0.157015
0.510999
0.510999
0.510999
0
0
0
0.510999
0
0.510999
0.510999
0
0.169209
1.27453
0.274441
0.182589
0
0.139913
0.587415
0.484007
0
0.510999
0.285025
0.510999
0.510999
0.507109
0
0
0.146559
0
1.27454
0.510999
0.174841
0
0.510999
0
0.510999
0
0.297609
0.993991
0
0.252412
0
0.510999
0.225324
0
0.333283
0
1.27453
0
0.510999
0.286573
0.00890109
0
0.510999
0.00177433
0.260502
0.510999
0
0.13535
0.308958
0.510999
0
0.251176
0.510999
0
0
0.510999
0.240967
0
0
0
0.366975
0
0.186807
0.112283
0.510999
0
0.510999
0
0.510999
1.25538
0
0.510999
0.495879
0.335108
1.27453
0.0313749
0
0
0
0.334151
0
0.510999
0.0800598
0.138264
0
0
0.30088
0.156613
0.999508
1.27453
0.510999
0.510999
0
0.510999
0.748565
0.857061
0.048307
0.114087
0
0.510999
0.0611615
0.287616
0.510999
0.321563
0.110862
0.510999
0.510999
0
1.63543
0
1.27453
0
0.333891
0.149698
1.27453
0.941405
0.510999
0.128298
0.293542
0.510999
0.229662
1.02266
0.510999
0.186585
0
1.27453
0.110114
0.510999
0
0.510999
0.46106
0.510999
0
1.27453
0.510999
0
0
0.510999
0
0.236428
0
0
0
0
0.219537
0.510999
1.27453
0.276541
0.510999
0.939428
0
0.43564
0.510999
0
0.510999
0.510999
0
0.325502
0
0.510999
0.306075
0
0
0
0.201052
0.965357
1.27453
0
0
0.339371
0
0.510999
0.510999
0.0974969
1.27453
0
0.250928
0.510999
0
0.055506
0.24298
0.289617
0.510999
0.510999
0
0.139913
0.587415
0.484007
0
0.510999
0.285025
0.510999
0.510999
0.507109
0
0
0.146559
0
1.27454
0.510999
0.174841
0
0.510999
0
0.510999
0
0.297609
0.993991
0
0.252412
0
0.510999
0.225324
0
0.333283
0
1.27453
0
0.510999
0.286573
0.00890109
0
0.510999
0.00177433
0.260502
0.510999
0
1.27453
0
0
0.510999
0.329262
0
0
0
0.892342
0.180165
0.907168
0
0
1.27453
0.510999
0
0.510999
0.805871
0
0.510999
0
0
0
0
0
1.27453
0
0.510999
0.510999
0
0
1.65401
0
0
0.510999
0.244052
0.341035
0.30229
0
0.253233
0.510999
0.510999
0.36739
0.469478
0
0
0.510999
0.284422
0.403911
0.506977
0.573103
0
0.00468285
0.510999
0.510999
0
0.359794
0.510999
0.510999
0.510999
0.510999
0
0
0.510999
0
0
0.510999
0.45622
0.510999
0
0
1.27453
0.0225457
0
1.27454
0.136565
0
0.0387229
0.42873
0
1.27457
0.271039
0.046325
0.510999
0
0
0.257767
1.27453
0.510999
0
0.217598
0
0.510999
0
0.510999
0.510999
0.989656
0
0.510999
0.510999
0
1.27453
0.463143
0
0
0
0.510999
0.536795
0.579487
0
0
0
0.17272
0.510999
0.0441405
1.27453
0.510999
0.46581
0.271858
0
0
1.27453
1.27453
0.0436336
0.483802
0
0.0434652
0.84871
0.165895
0.313606
0
0
0.665151
0.0671769
1.27453
0
0
0
0
0.423922
0.735373
0.510999
1.27453
0.510999
0.510999
0.187552
0.291164
0
0.35234
0.21322
0
0
0
0
0.510999
0.379906
0
0
0.510999
0.745121
0
0.510999
0.510999
0.510999
0.189717
0
0
0.510999
0
0.510999
0
0.567304
0.390948
0.228607
0
0
0
0.510999
0.899669
0.430964
1.27453
0
0.510999
0.168496
0.150798
0.510999
0
0.144972
1.15281
0.320999
0.342445
0.939823
0.0671754
1.16213
0
0
0.606259
0
0.258365
0.224357
0
0.510999
0.510999
1.27453
0.510999
0.146353
0.510999
0.346836
0.0592025
0
0.510999
0.271869
0.420001
0.510999
0.510999
0.510999
0
0.268534
0.510999
0
1.23968
0.510999
1.27453
0
0
0.36832
0
0.510999
1.27455
0.510999
0.41096
0.290191
0
0
0.510999
1.27453
0
0
0
0
0.510999
0.149343
0
0
0
0.157015
0.510999
0.510999
0.510999
0
0
0
0.510999
0
0.510999
0.510999
0
0.169209
1.27453
0.274441
0.182589
0
0.139913
0.587415
0.484007
0
0.510999
0.285025
0.510999
0.510999
0.507109
0
0
0.146559
0
1.27454
0.510999
0.174841
0
0.510999
0
0.510999
0
0.297609
0.993991
0
0.252412
0
0.510999
0.225324
0
0.333283
0
1.27453
0
0.510999
0.286573
0.00890109
0
0.510999
0.00177433
0.260502
0.510999
0
0.308958
0.510999
0
0.251176
0.510999
0
0
0.510999
0.240967
0
0
0
0.366975
0
0.186807
0.112283
0.510999
0
0.510999
0
0.510999
1.25538
0
0.510999
0.495879
0.335108
1.27453
0.0313749
0
0
0
0.334151
0
0.510999
0.0800598
0.138264
0
0
0.30088
0.156613
0.999508
1.27453
0.510999
0.510999
0
0.510999
0.748565
0.857061
0.048307
0.114087
0
0.510999
0.0611615
0.287616
0.510999
0.321563
0.110862
0.510999
1.63543
0
1.27453
0
0.333891
0.149698
1.27453
0.941405
0.510999
0.128298
0.293542
0.510999
0.229662
1.02266
0.510999
0.186585
0
1.27453
0.110114
0.510999
0
0.510999
0.46106
0.510999
0
1.27453
0.510999
0
0
0.510999
0
0.236428
0
0
0
0
0.219537
0.510999
1.27453
0.276541
0.510999
0.939428
0
0.43564
0.510999
0
0.510999
0.510999
0
0.325502
0
0.510999
0.306075
0
0
0
0.201052
0.965357
1.27453
0
0
0.339371
0
0.510999
0.510999
0.0974969
1.27453
0
0.250928
0.510999
0
0.055506
0.24298
0.289617
0.510999
0.510999
0
0
0.510999
0.0707534
0.516281
0.329746
0.308958
0.510999
0
0.251176
0.510999
0
0
0.510999
0.240967
0
0
0
0.366975
0
0.186807
0.112283
0.510999
0
0.510999
0
0.510999
1.25538
0
0.510999
0.495879
0.335108
1.27453
0.0313749
0
0
0
0.334151
0
0.510999
0.0800598
0.138264
0
0
0.30088
0.156613
0.999508
1.27453
0.510999
0.510999
0
0.510999
0.748565
0.857061
0.048307
0.114087
0
0.510999
0.0611615
0.287616
0.510999
0.321563
0.110862
0.510999
1.27453
0
0
0.510999
0.329262
0
0
0
0.892342
0.180165
0.907168
0
0
1.27453
0.510999
0
0.510999
0.805871
0
0.510999
0
0
0
0
0
1.27453
0
0.510999
0.510999
0
0
1.65401
0
0
0.510999
0.244052
0.341035
0.510999
0
0.581224
0.510999
0.881498
0
0.510999
0.213416
0.510999
0.30229
0
0.253233
0.510999
0.510999
0.36739
0.469478
0
0
0.510999
0.284422
0.403911
0.506977
0.573103
0
0.00468285
0.510999
0.510999
0
0.359794
0.510999
0.510999
0.510999
0.510999
0
0
0.510999
0
0
0.510999
0.45622
0.510999
0
0
1.27453
0.0225457
0
1.27454
0.136565
0
0.0387229
0.42873
0
1.27457
0.271039
0.046325
0.510999
0
0
0.257767
1.27453
0.510999
0
0.217598
0
0.510999
0
0.510999
0.510999
0.989656
0
0.510999
0.510999
0
1.27453
0.463143
0
0
0
0.510999
0.536795
0.579487
0
0
0
0.17272
0.510999
0.0441405
1.27453
0.510999
0.46581
0.271858
0
0
1.27453
1.27453
0.0436336
0.483802
0
0.510999
0.510999
0.0434652
0.84871
0.165895
0.313606
0
0
0.665151
0.0671769
1.27453
0
0
0
0
0.423922
0.735373
0.510999
1.27453
0.510999
0.510999
0.187552
0.291164
0
0.35234
0.21322
0
0
0
0
0.510999
0.379906
0
0
0.510999
0.745121
0
0.510999
0.510999
0.510999
0.189717
0
0
0.510999
0
0.510999
0
0.567304
0.390948
0.228607
0
0
0
0.510999
0.899669
0.430964
1.27453
0
0.510999
0.168496
0.150798
0.510999
0
0.144972
1.15281
0.320999
0.342445
0.939823
0.0671754
1.16213
0
0
0.606259
0
0.258365
0.224357
0
0.510999
0.510999
1.27453
0.510999
0.146353
0.510999
0.346836
0.0592025
0
0.510999
0.420001
0.510999
0.510999
0.510999
0
0.268534
0.510999
0
1.23968
0.510999
1.27453
0
0
0.36832
0
0.510999
1.27455
0.510999
0.41096
0.290191
0
0
0.510999
1.27453
0
0
0
0
0.510999
0.149343
0
0
0
0.157015
0.510999
0.510999
0.510999
0
0
0
0.510999
0
0.510999
0.510999
0
0.169209
1.27453
0.274441
0.182589
0
0.139913
0.587415
0.484007
0
0.510999
0.285025
0.510999
0.510999
0.507109
0
0
0.146559
0
1.27454
0.510999
0.174841
0
0.510999
0
0.510999
0
0.297609
0.993991
0
0.252412
0
0.510999
0.225324
0
0.333283
0
1.27453
0
0.510999
0.286573
0.00890109
0
0.510999
0.00177433
0.260502
0.308958
0.510999
0
0.251176
0.510999
0
0
0.510999
0.240967
0
0
0
0.366975
0
0.186807
0.112283
0.510999
0
0.510999
0
0.510999
1.25538
0
0.510999
0.495879
0.335108
1.27453
0.0313749
0
0
0
0.334151
0
0.510999
0.0800598
0.138264
0
0
0.30088
0.156613
0.999508
1.27453
0.510999
0.510999
0
0.510999
0.748565
0.857061
0.048307
0.114087
0
0.510999
0.0611615
0.287616
0.510999
0.321563
1.63543
0
1.27453
0
0.333891
0.149698
1.27453
0.941405
0.510999
0.128298
0.293542
0.510999
0.229662
1.02266
0.510999
0.186585
0
1.27453
0.110114
0.510999
0
0.510999
0.46106
0.510999
0
1.27453
0.510999
0
0
0.510999
0
0.236428
0
0
0
0
0.219537
0.510999
0.276541
0.510999
0.939428
0
0.43564
0.510999
0
0.510999
0.510999
0
0.325502
0
0.510999
0.306075
0
0
0
0.201052
0.965357
1.27453
0
0
0.339371
0
0.510999
0.510999
0.0974969
1.27453
0
0.250928
0.510999
0
0.055506
0.24298
0.289617
0.510999
0.510999
0
0
0.510999
0.0707534
0.516281
0.329746
1.27453
0.510999
1.63543
0
1.27453
0
0.333891
0.149698
1.27453
0.941405
0.510999
0.128298
0.293542
0.510999
0.229662
1.02266
0.510999
0.186585
0
1.27453
0.110114
0.510999
0
0.510999
0.46106
0.510999
0
1.27453
0.510999
0
0
0.510999
0
0.236428
0
0
0
0
0.219537
1.27453
0
0
0.510999
0.329262
0
0
0
0.892342
0.180165
0.907168
0
0
1.27453
0.510999
0
0.510999
0.805871
0
0.510999
0
0
0
0
0
1.27453
0
0.510999
0.510999
0
0
1.65401
0
0
0.510999
0.244052
0.341035
0.510999
0
0.581224
0.510999
0.881498
0
0.510999
0.213416
0.510999
0.30229
0
0.253233
0.510999
0.510999
0.36739
0.469478
0
0
0.510999
0.284422
0.403911
0.506977
0.573103
0
0.00468285
0.510999
0.510999
0
0.359794
0.510999
0.510999
0.510999
0.510999
0
0
0.510999
0
0
0.510999
0.45622
0.510999
0
0
1.27453
0.0225457
0
1.27454
0.136565
0
0.0387229
0.42873
0
1.27457
0.271039
0.046325
0.257767
1.27453
0.510999
0
0.217598
0
0.510999
0
0.510999
0.510999
0.989656
0
0.510999
0.510999
0
1.27453
0.463143
0
0
0
0.510999
0.536795
0.579487
0
0
0
0.17272
0.510999
0.0441405
1.27453
0.510999
0.46581
0.271858
0
0
1.27453
1.27453
0.0436336
0.483802
0
0.510999
0.510999
0.819529
0.0434652
0.84871
0.165895
0.313606
0
0
0.665151
0.0671769
1.27453
0
0
0
0
0.423922
0.735373
0.510999
1.27453
0.510999
0.510999
0.187552
0.291164
0
0.35234
0.21322
0
0
0
0
0.510999
0.379906
0
0
0.510999
0.745121
0
0.510999
0.510999
0.510999
0.189717
0
0
0.510999
0
0.510999
0
0.510999
0.510999
0.567304
0.390948
0.228607
0
0
0
0.510999
0.899669
0.430964
1.27453
0
0.510999
0.168496
0.150798
0.510999
0
0.144972
1.15281
0.320999
0.342445
0.939823
0.0671754
1.16213
0
0
0.606259
0
0.258365
0.224357
0
0.510999
0.510999
1.27453
0.510999
0.146353
0.510999
0.346836
0.0592025
0
0.510999
0.271869
0.510999
0.420001
0.510999
0.510999
0.510999
0
0.268534
0.510999
0
1.23968
0.510999
1.27453
0
0
0.36832
0
0.510999
1.27455
0.510999
0.41096
0.290191
0
0
0.510999
1.27453
0
0
0
0
0.510999
0.149343
0
0
0
0.157015
0.510999
0.510999
0.510999
0
0
0
0.510999
0
0.510999
0.510999
0
0.169209
1.27453
0.274441
0.182589
0
0.139913
0.587415
0.484007
0
0.510999
0.285025
0.510999
0.510999
0.507109
0
0
0.146559
0
1.27454
0.510999
0.174841
0
0.510999
0
0.510999
0
0.297609
0.993991
0
0.252412
0
0.510999
0.225324
0
0.333283
0
1.27453
0
0.510999
0.286573
0.00890109
0
0.510999
0.00177433
0.260502
0.308958
0.510999
0
0.251176
0.510999
0
0
0.510999
0.240967
0
0
0
0.366975
0
0.186807
0.112283
0.510999
0
0.510999
0
0.510999
1.25538
0
0.510999
0.495879
0.335108
1.27453
0.0313749
0
0
0
0.334151
0
0.510999
0.0800598
0.138264
0
0
0.30088
0.156613
0.999508
1.27453
0.510999
0.510999
0
0.510999
0.748565
0.857061
0.048307
0.114087
0
0.510999
0.0611615
0.287616
0.510999
0.321563
0.110862
0.510999
0.510999
1.63543
0
1.27453
0
0.333891
0.149698
1.27453
0.941405
0.510999
0.128298
0.293542
0.510999
0.229662
1.02266
0.510999
0.186585
0
1.27453
0.110114
0.510999
0
0.510999
0.46106
0.510999
0
1.27453
0.510999
0
0
0.510999
0
0.236428
0
0
0
0
0.276541
0.510999
0.939428
0
0.43564
0.510999
0
0.510999
0.510999
0
0.325502
0
0.510999
0.306075
0
0
0
0.201052
0.965357
1.27453
0
0
0.339371
0
0.510999
0.510999
0.0974969
1.27453
0
0.250928
0.510999
0
0.055506
0.24298
0.289617
0.510999
0.510999
0
0
0.510999
0.0707534
0.516281
0.329746
1.27453
0.276541
0.510999
0.939428
0
0.43564
0.510999
0
0.510999
0.510999
0
0.325502
0
0.510999
0.306075
0
0
0
0.201052
0.965357
1.27453
0
0
0.339371
0
0.510999
0.510999
0.0974969
1.27453
0
0.250928
0.510999
0
0.055506
0.24298
0.289617
0.510999
0.510999
0
0
0.510999
0.0707534
0.516281
0.329746
