0.510999
0
0.0923486
0
0.510999
0.13084
0.181736
0.229519
0
0.251032
0.200989
0.510999
0
0
0
0.0615769
0
0.480138
0.510999
0.198788
0.180358
0.510999
0.510999
0.510999
0.595861
0
0.561986
1.78553
0.263315
1.27457
0
0
0.975497
1.19658
1.27453
0
0
0.181756
0
0.510999
0.510999
0
0.510999
0
0.198048
0.510999
0
0.0923486
0
0.510999
0.13084
0.181736
0.229519
0
0.251032
0.200989
0.510999
0
0
0
0.0615769
0
0.480138
0.510999
0.198788
0.180358
0.510999
0.510999
0.510999
0.595861
0
0.561986
1.78553
0.263315
1.27457
0
0
0.975497
1.19658
1.27453
0
0
0.181756
0
0.510999
0.510999
0
0.510999
0
0.198048
0.510999
0.510999
0
0
0.106781
0.896355
1.27453
0.510999
0.510999
0.17847
0
0.331821
0.510999
0.181974
0
0
0.112587
0.168755
0
0
0
0.723782
0.267486
0.510999
0.510999
0.0114824
0.510999
0.0918719
0.510999
0.433184
0
0
0
0
0.510999
0.510999
0.510999
0.337911
0.500113
0.984443
0.75544
0.510999
0
0.160909
0.510999
0
0
0
0
1.27453
0
0.510999
0.791149
0.510999
0
0.510999
0.0451473
0.481624
0.0995756
0.510999
0.510999
0.510999
0
0.511295
0.510999
0.878567
0
0.510999
0.159053
0
0
0.510999
0
0.128041
0
0.0567676
0.510999
0
0.314981
0.510999
0.510999
0.510999
0.510999
0.21048
0
0
1.27453
1.27453
0
0
0.510999
0
0.103607
0
0.473876
0.774328
0.442366
0.293759
0
1.27453
0.441988
0
0
0
0.510999
0.351935
0.0659115
0.205442
0
0
0.108688
0.0380141
0.510999
0.510999
0.163639
1.27453
0.108837
0.510999
1.27453
0.273124
0.877564
0
0.510999
0
0
0
0.33793
0
1.27453
0.159543
0.31373
0.510999
0.510999
0.486804
0.215478
0.510999
0.136193
0.839046
0.340501
1.27453
0
0
0.923646
1.27453
1.27453
0
0
1.27453
1.04385
0.0284416
0
1.27453
1.27453
0
0.510999
0.510999
0.510999
0.510999
0.510999
0
0.264461
0.19729
0
0.510999
0
0
0
0
0
0
0.510999
0.175071
0.178737
0.114242
0
0.330515
0
0
1.27453
0
0
0.358768
0.510999
0
0.779855
0
0.510999
0
0.645436
0.510999
0.88902
0
0
0.510999
1.27461
0
0.2532
0
1.27453
0.510999
0.267103
0.450918
0.510999
0.404256
0.267419
0.876087
0.510999
0.364469
0.323382
1.27453
0.341536
0
0.989537
0
0
0
0.252839
1.27453
0
1.44613
0
0
0.510999
0
1.27453
0.308259
0
0.0407013
0.454897
0
0.124349
0.510999
0
0
0.186344
0
0.510999
0
0.388485
0
0.29739
0
1.22388
0.155293
0
0.510999
0
0
0.0459913
0
0.313578
0.770131
0
0.0338146
0.267197
0
0.510999
0.131518
0
0.0623236
0.510999
0
0
0.0197396
0.510999
0.287471
0
0.510999
0.727352
1.71758
0
0.510999
0.510999
0.455102
0
0.510999
0
0.510999
1.27453
0.285107
1.27453
0
0
0.178358
0.331779
0
1.27453
0
0.461847
1.27453
0.286445
1.27455
0.642449
1.27453
0.510999
0.0293431
0
0.510999
0
0.991332
1.27453
0.510999
0.322298
0
0
0
0.632348
1.27453
0.510999
0.299587
0.246057
0.510999
1.27453
0
0.510999
0.412336
0.174538
0
0
0
0
1.76869
0
0.510999
0
0.201156
0.510999
0.510999
0.496908
0.510999
1.27453
0.510999
0
0
0
0.130261
0
0.510999
0
0
0
0
0.510999
0.510999
0.918335
0
0.686682
0.374507
0
0
0
1.23769
0.0549983
0
0.276425
0.401377
0.272937
0
1.05081
0.0610444
0.216281
0
0.510999
0.510999
0
0
0.106781
0.896355
1.27453
0.510999
0.510999
0.17847
0
0.331821
0.510999
0.181974
0
0
0.112587
0.168755
0
0
0
0.723782
0.267486
0.510999
0.510999
0.0114824
0.510999
0.0918719
0.510999
0.433184
0
0
0
0
0.510999
0.510999
0
0.0923486
0
0.510999
0.13084
0.181736
0.229519
0
0.251032
0.200989
0.510999
0
0
0
0.0615769
0
0.480138
0.510999
0.198788
0.180358
0.510999
0.510999
0.510999
0.595861
0
0.561986
1.78553
0.263315
1.27457
0
0
0.975497
1.19658
1.27453
0
0
0.181756
0
0.510999
0.510999
0
0.510999
0
0.198048
0.510999
0.510999
0
0
0.106781
0.896355
1.27453
0.510999
0.510999
0.17847
0
0.331821
0.510999
0.181974
0
0
0.112587
0.168755
0
0
0
0.723782
0.267486
0.510999
0.510999
0.0114824
0.510999
0.0918719
0.510999
0.433184
0
0
0
0
0.510999
0.510999
0.510999
0.337911
0.500113
0.984443
0.75544
0.510999
0
0.160909
0.510999
0
0
0
0
1.27453
0
0.510999
0.791149
0.510999
0
0.510999
0.0451473
0.481624
0.0995756
0.510999
0.510999
0.510999
0
0.511295
0.510999
0.878567
0
0.510999
0.159053
0
0
0.510999
0
0.128041
0
0.510999
0.0567676
0.510999
0
0.314981
0.510999
0.510999
0.510999
0.510999
0.21048
0
0
1.27453
1.27453
0
0
0.510999
0
0.103607
0
0.473876
0.774328
0.442366
0.293759
0
1.27453
0.441988
0
0
0
0.0659115
0.205442
0
0
0.108688
0.0380141
0.510999
0.510999
0.163639
1.27453
0.108837
0.510999
1.27453
0.273124
0.877564
0
0.510999
0
0
0
0.33793
0
1.27453
0.159543
0.31373
0.510999
0.510999
0.486804
0.215478
0.510999
0.136193
0.839046
0.340501
1.27453
0
0
0.923646
1.27453
1.27453
0
0
1.27453
1.04385
0.0284416
0
1.27453
1.27453
0
1.27453
0.510999
0.510999
0.510999
0.510999
0.510999
0
0.264461
0.19729
0
0.510999
0
0
0
0
0
0
0.510999
0.175071
0.178737
0.114242
0
0.330515
0
0
1.27453
0
0
0.358768
0.510999
0
0.779855
0
0.510999
0
0.645436
0.510999
0.88902
0
0
0.510999
1.27461
0
0.2532
0
1.27453
0.510999
0.267103
0.450918
0.510999
0.404256
0.267419
0.876087
0.510999
0.364469
0.323382
1.27453
0.341536
0
0.989537
0
0
0
0.252839
1.27453
0
1.44613
0
0
0.510999
0
1.27453
0.308259
0
0.0407013
0.454897
0
0.124349
0.510999
0
0
0.186344
0
0.510999
0
0.388485
0
0.29739
0
1.22388
0.155293
0
0.510999
0
0
0.0459913
0
0.313578
1.27453
0
0.510999
0.770131
0
0.0338146
0.267197
0
0.510999
0.131518
0
0.0623236
0.510999
0
0
0.0197396
0.510999
0.287471
0
0.510999
0.727352
1.71758
0
0.510999
0.510999
0.455102
0
0.510999
0
0.510999
1.27453
0.285107
1.27453
0
0
0.178358
0.331779
0
1.27453
0
0.461847
1.27453
0.317261
0.286445
1.27455
0.642449
1.27453
0.510999
0.0293431
0
0.510999
0
0.991332
1.27453
0.510999
0.322298
0
0
0
0.632348
1.27453
0.510999
0.299587
0.246057
0.510999
1.27453
0
0.510999
0.412336
0.174538
0
0
0
0
1.76869
0
0.510999
0
0.201156
0.510999
0.510999
0.496908
0.510999
1.27453
0.510999
0
0
0
0.130261
0
0.510999
0
0
0
0
0.510999
0.510999
0.918335
0
0.686682
0.374507
0
0
0
1.23769
0.0549983
0
0.276425
0.401377
0.272937
0
1.05081
0.0610444
0.216281
0
0.510999
0.510999
0.337911
0.500113
0.984443
0.75544
0.510999
0
0.160909
0.510999
0
0
0
0
1.27453
0
0.510999
0.791149
0.510999
0
0.510999
0.0451473
0.481624
0.0995756
0.510999
0.510999
0.510999
0
0.511295
0.510999
0.878567
0
0.510999
0.159053
0
0
0.510999
0
0.128041
0
0.510999
0.510999
0
0.0923486
0
0.510999
0.13084
0.181736
0.229519
0
0.251032
0.200989
0.510999
0
0
0
0.0615769
0
0.480138
0.510999
0.198788
0.180358
0.510999
0.510999
0.510999
0.595861
0
0.561986
1.78553
0.263315
1.27457
0
0
0.975497
1.19658
1.27453
0
0
0.181756
0
0.510999
0.510999
0
0.510999
0
0.510999
0.510999
0
0
0.106781
0.896355
1.27453
0.510999
0.510999
0.17847
0
0.331821
0.510999
0.181974
0
0
0.112587
0.168755
0
0
0
0.723782
0.267486
0.510999
0.510999
0.0114824
0.510999
0.0918719
0.510999
0.433184
0
0
0
0.510999
0.510999
0.337911
0.500113
0.984443
0.75544
0.510999
0
0.160909
0.510999
0
0
0
0
1.27453
0
0.510999
0.791149
0.510999
0
0.510999
0.0451473
0.481624
0.0995756
0.510999
0.510999
0.510999
0
0.511295
0.510999
0.878567
0
0.510999
0.159053
0
0
0.510999
0
0.128041
0
0.510999
0.0567676
0.510999
0
0.314981
0.510999
0.510999
0.510999
0.510999
0.21048
0
0
1.27453
1.27453
0
0
0.510999
0
0.103607
0
0.473876
0.774328
0.442366
0.293759
0
1.27453
0.441988
0
0
0
0.510999
0.351935
0.0659115
0.205442
0
0
0.108688
0.0380141
0.510999
0.510999
0.163639
1.27453
0.108837
0.510999
1.27453
0.273124
0.877564
0
0.510999
0
0
0
0.33793
0
1.27453
0.159543
0.31373
0.510999
0.510999
0.486804
0.215478
0.510999
0.136193
0.839046
0.340501
1.27453
0
0
0.923646
1.27453
1.27453
0
0
1.27453
1.04385
0.0284416
0
1.27453
0.510999
0.510999
0.510999
0.510999
0.510999
0
0.264461
0.19729
0
0.510999
0
0
0
0
0
0
0.510999
0.175071
0.178737
0.114242
0
0.330515
0
0
1.27453
0
0
0.358768
0.510999
0
0.779855
0
0.510999
0
0.645436
0.510999
0.88902
0
0
0.510999
1.27461
0
0.2532
0
1.27453
0.510999
0.267103
0.450918
0.510999
0.404256
0.267419
0.876087
0.323382
1.27453
0.341536
0
0.989537
0
0
0
0.252839
1.27453
0
1.44613
0
0
0.510999
0
1.27453
0.308259
0
0.0407013
0.454897
0
0.124349
0.510999
0
0
0.186344
0
0.510999
0
0.388485
0
0.29739
0
1.22388
0.155293
0
0.510999
0
0
0.0459913
0
0.313578
1.27453
0
0.770131
0
0.0338146
0.267197
0
0.510999
0.131518
0
0.0623236
0.510999
0
0
0.0197396
0.510999
0.287471
0
0.510999
0.727352
1.71758
0
0.510999
0.510999
0.455102
0
0.510999
0
0.510999
1.27453
0.285107
1.27453
0
0
0.178358
0.331779
0
1.27453
0
0.461847
1.27453
0.286445
1.27455
0.642449
1.27453
0.510999
0.0293431
0
0.510999
0
0.991332
1.27453
0.510999
0.322298
0
0
0
0.632348
1.27453
0.510999
0.299587
0.246057
0.510999
1.27453
0
0.510999
0.412336
0.174538
0
0
0
0
1.76869
0
0.510999
0
0.201156
0.510999
0.510999
0.496908
0.510999
1.27453
0.510999
0
0
0
0.130261
0
0.510999
0
0
0
0
0.510999
0.510999
0.918335
0
0.686682
0.374507
0
0
0
1.23769
0.0549983
0
0.276425
0.401377
0.272937
0
1.05081
0.0610444
0.216281
0
0.0567676
0.510999
0
0.314981
0.510999
0.510999
0.510999
0.510999
0.21048
0
0
1.27453
1.27453
0
0
0.510999
0
0.103607
0
0.473876
0.774328
0.442366
0.293759
0
1.27453
0.441988
0
0
0
0.510999
0.351935
0.510999
0
0.0923486
0
0.510999
0.13084
0.181736
0.229519
0
0.251032
0.200989
0.510999
0
0
0
0.0615769
0
0.480138
0.510999
0.198788
0.180358
0.510999
0.510999
0.510999
0.595861
0
0.561986
1.78553
0.263315
1.27457
0
0
0.975497
1.19658
1.27453
0
0
0.181756
0
0.510999
0.510999
0
0.510999
0
0.198048
0.510999
0.510999
0
0
0.106781
0.896355
1.27453
0.510999
0.510999
0.17847
0
0.331821
0.510999
0.181974
0
0
0.112587
0.168755
0
0
0
0.723782
0.267486
0.510999
0.510999
0.0114824
0.510999
0.0918719
0.510999
0.433184
0
0
0
0
0.510999
0.510999
0.510999
0.337911
0.500113
0.984443
0.75544
0.510999
0
0.160909
0.510999
0
0
0
0
1.27453
0
0.510999
0.791149
0.510999
0
0.510999
0.0451473
0.481624
0.0995756
0.510999
0.510999
0.510999
0
0.511295
0.510999
0.878567
0
0.510999
0.159053
0
0
0.510999
0
0.128041
0
0.0567676
0.510999
0
0.314981
0.510999
0.510999
0.510999
0.510999
0.21048
0
0
1.27453
1.27453
0
0
0.510999
0
0.103607
0
0.473876
0.774328
0.442366
0.293759
0
1.27453
0.441988
0
0
0
0.510999
0.351935
1.0185
0.0659115
0.205442
0
0
0.108688
0.0380141
0.510999
0.510999
0.163639
1.27453
0.108837
0.510999
1.27453
0.273124
0.877564
0
0.510999
0
0
0
0.33793
0
1.27453
0.159543
0.31373
0.510999
0.510999
0.486804
0.215478
0.510999
0.136193
0.839046
0.340501
1.27453
0
0
0.923646
1.27453
1.27453
0
0
1.27453
1.04385
0.0284416
0
0.510999
0.510999
0.510999
0.510999
0.510999
0
0.264461
0.19729
0
0.510999
0
0
0
0
0
0
0.510999
0.175071
0.178737
0.114242
0
0.330515
0
0
1.27453
0
0
0.358768
0.510999
0
0.779855
0
0.510999
0
0.645436
0.510999
0.88902
0
0
0.510999
1.27461
0
0.2532
0
1.27453
0.510999
0.267103
0.450918
0.510999
0.404256
0.267419
0.876087
0.510999
0.364469
0.323382
1.27453
0.341536
0
0.989537
0
0
0
0.252839
1.27453
0
1.44613
0
0
0.510999
0
1.27453
0.308259
0
0.0407013
0.454897
0
0.124349
0.510999
0
0
0.186344
0
0.510999
0
0.388485
0
0.29739
0
1.22388
0.155293
0
0.510999
0
0
0.0459913
0
0.313578
1.27453
0.770131
0
0.0338146
0.267197
0
0.510999
0.131518
0
0.0623236
0.510999
0
0
0.0197396
0.510999
0.287471
0
0.510999
0.727352
1.71758
0
0.510999
0.510999
0.455102
0
0.510999
0
0.510999
1.27453
0.285107
1.27453
0
0
0.178358
0.331779
0
1.27453
0
0.461847
1.27453
0.317261
0.286445
1.27455
0.642449
1.27453
0.510999
0.0293431
0
0.510999
0
0.991332
1.27453
0.510999
0.322298
0
0
0
0.632348
1.27453
0.510999
0.299587
0.246057
0.510999
1.27453
0
0.510999
0.412336
0.174538
0
0
0
0
1.76869
0
0.510999
0
0.201156
0.510999
0.510999
0.496908
0.510999
1.27453
0.510999
0
0
0
0.130261
0
0.510999
0
0
0
0
0.510999
0.510999
0.918335
0
0.686682
0.374507
0
0
0
1.23769
0.0549983
0
0.276425
0.401377
0.272937
0
1.05081
0.0610444
0.216281
0.0659115
0.205442
0
0
0.108688
0.0380141
0.510999
0.510999
0.163639
1.27453
0.108837
0.510999
1.27453
0.273124
0.877564
0
0.510999
0
0
0
0.33793
0
1.27453
0.159543
0.31373
0.510999
0.510999
0.486804
0.215478
0.510999
0.136193
0.839046
0.340501
1.27453
0
0
0.923646
1.27453
1.27453
0
0
1.27453
1.04385
0.0284416
0
0.510999
0
0.0923486
0
0.510999
0.13084
0.181736
0.229519
0
0.251032
0.200989
0.510999
0
0
0
0.0615769
0
0.480138
0.510999
0.198788
0.180358
0.510999
0.510999
0.510999
0.595861
0
0.561986
1.78553
0.263315
1.27457
0
0
0.975497
1.19658
1.27453
0
0
0.181756
0
0.510999
0.510999
0
0.510999
0
0.198048
0.510999
0.510999
0
0
0.106781
0.896355
1.27453
0.510999
0.510999
0.17847
0
0.331821
0.510999
0.181974
0
0
0.112587
0.168755
0
0
0
0.723782
0.267486
0.510999
0.510999
0.0114824
0.510999
0.0918719
0.510999
0.433184
0
0
0
0
0.510999
0.510999
0.510999
0.337911
0.500113
0.984443
0.75544
0.510999
0
0.160909
0.510999
0
0
0
0
1.27453
0
0.510999
0.791149
0.510999
0
0.510999
0.0451473
0.481624
0.0995756
0.510999
0.510999
0.510999
0
0.511295
0.510999
0.878567
0
0.510999
0.159053
0
0
0.510999
0
0.128041
0
0.0567676
0.510999
0
0.314981
0.510999
0.510999
0.510999
0.510999
0.21048
0
0
1.27453
1.27453
0
0
0.510999
0
0.103607
0
0.473876
0.774328
0.442366
0.293759
0
1.27453
0.441988
0
0
0
0.0659115
0.205442
0
0
0.108688
0.0380141
0.510999
0.510999
0.163639
1.27453
0.108837
0.510999
1.27453
0.273124
0.877564
0
0.510999
0
0
0
0.33793
0
1.27453
0.159543
0.31373
0.510999
0.510999
0.486804
0.215478
0.510999
0.136193
0.839046
0.340501
1.27453
0
0
0.923646
1.27453
1.27453
0
0
1.27453
1.04385
0.0284416
0
0.510999
0.510999
0.510999
0.510999
0.510999
0
0.264461
0.19729
0
0.510999
0
0
0
0
0
0
0.510999
0.175071
0.178737
0.114242
0
0.330515
0
0
1.27453
0
0
0.358768
0.510999
0
0.779855
0
0.510999
0
0.645436
0.510999
0.88902
0
0
0.510999
1.27461
0
0.2532
0
1.27453
0.510999
0.267103
0.450918
0.510999
0.404256
0.267419
0.323382
1.27453
0.341536
0
0.989537
0
0
0
0.252839
1.27453
0
1.44613
0
0
0.510999
0
1.27453
0.308259
0
0.0407013
0.454897
0
0.124349
0.510999
0
0
0.186344
0
0.510999
0
0.388485
0
0.29739
0
1.22388
0.155293
0
0.510999
0
0
0.0459913
0
0.313578
1.27453
0
0.770131
0
0.0338146
0.267197
0
0.510999
0.131518
0
0.0623236
0.510999
0
0
0.0197396
0.510999
0.287471
0
0.510999
0.727352
1.71758
0
0.510999
0.510999
0.455102
0
0.510999
0
0.510999
1.27453
0.285107
1.27453
0
0
0.178358
0.331779
0
1.27453
0
0.461847
1.27453
0.286445
1.27455
0.642449
1.27453
0.510999
0.0293431
0
0.510999
0
0.991332
1.27453
0.510999
0.322298
0
0
0
0.632348
1.27453
0.510999
0.299587
0.246057
0.510999
1.27453
0
0.510999
0.412336
0.174538
0
0
0
0
1.76869
0
0.510999
0
0.201156
0.510999
0.510999
0.496908
0.510999
1.27453
0.510999
0
0
0
0.130261
0
0.510999
0
0
0
0
0.510999
0.510999
0.918335
0
0.686682
0.374507
0
0
0
1.23769
0.0549983
0
0.276425
0.401377
0.272937
0
1.05081
0.0610444
0.216281
0
0.510999
0.510999
0.510999
0.510999
0.510999
0
0.264461
0.19729
0
0.510999
0
0
0
0
0
0
0.510999
0.175071
0.178737
0.114242
0
0.330515
0
0
1.27453
0
0
0.358768
0.510999
0
0.779855
0
0.510999
0
0.645436
0.510999
0.88902
0
0
0.510999
1.27461
0
0.2532
0
1.27453
0.510999
0.267103
0.450918
0.510999
0.404256
0.267419
0.876087
0.510999
0
0.0923486
0
0.510999
0.13084
0.181736
0.229519
0
0.251032
0.200989
0.510999
0
0
0
0.0615769
0
0.480138
0.510999
0.198788
0.180358
0.510999
0.510999
0.510999
0.595861
0
0.561986
1.78553
0.263315
1.27457
0
0
0.975497
1.19658
1.27453
0
0
0.181756
0
0.510999
0.510999
0
0.510999
0
0.198048
0.510999
0.510999
0
0
0.106781
0.896355
1.27453
0.510999
0.510999
0.17847
0
0.331821
0.510999
0.181974
0
0
0.112587
0.168755
0
0
0
0.723782
0.267486
0.510999
0.510999
0.0114824
0.510999
0.0918719
0.510999
0.433184
0
0
0
0
0.510999
0.510999
0.510999
0.337911
0.500113
0.984443
0.75544
0.510999
0
0.160909
0.510999
0
0
0
0
1.27453
0
0.510999
0.791149
0.510999
0
0.510999
0.0451473
0.481624
0.0995756
0.510999
0.510999
0.510999
0
0.511295
0.510999
0.878567
0
0.510999
0.159053
0
0
0.510999
0
0.128041
0
0.510999
0.0567676
0.510999
0
0.314981
0.510999
0.510999
0.510999
0.510999
0.21048
0
0
1.27453
1.27453
0
0
0.510999
0
0.103607
0
0.473876
0.774328
0.442366
0.293759
0
1.27453
0.441988
0
0
0
0.510999
0.351935
1.0185
0.0659115
0.205442
0
0
0.108688
0.0380141
0.510999
0.510999
0.163639
1.27453
0.108837
0.510999
1.27453
0.273124
0.877564
0
0.510999
0
0
0
0.33793
0
1.27453
0.159543
0.31373
0.510999
0.510999
0.486804
0.215478
0.510999
0.136193
0.839046
0.340501
1.27453
0
0
0.923646
1.27453
1.27453
0
0
1.27453
1.04385
0.0284416
0
1.27453
0.510999
0.510999
0.510999
0.510999
0.510999
0
0.264461
0.19729
0
0.510999
0
0
0
0
0
0
0.510999
0.175071
0.178737
0.114242
0
0.330515
0
0
1.27453
0
0
0.358768
0.510999
0
0.779855
0
0.510999
0
0.645436
0.510999
0.88902
0
0
0.510999
1.27461
0
0.2532
0
1.27453
0.510999
0.267103
0.450918
0.510999
0.404256
0.267419
0.876087
0.510999
0.364469
0.323382
1.27453
0.341536
0
0.989537
0
0
0
0.252839
1.27453
0
1.44613
0
0
0.510999
0
1.27453
0.308259
0
0.0407013
0.454897
0
0.124349
0.510999
0
0
0.186344
0
0.510999
0
0.388485
0
0.29739
0
1.22388
0.155293
0
0.510999
0
0
0.0459913
0
0.313578
1.27453
0
0.770131
0
0.0338146
0.267197
0
0.510999
0.131518
0
0.0623236
0.510999
0
0
0.0197396
0.510999
0.287471
0
0.510999
0.727352
1.71758
0
0.510999
0.510999
0.455102
0
0.510999
0
0.510999
1.27453
0.285107
1.27453
0
0
0.178358
0.331779
0
1.27453
0
0.461847
1.27453
0.286445
1.27455
0.642449
1.27453
0.510999
0.0293431
0
0.510999
0
0.991332
1.27453
0.510999
0.322298
0
0
0
0.632348
1.27453
0.510999
0.299587
0.246057
0.510999
1.27453
0
0.510999
0.412336
0.174538
0
0
0
0
1.76869
0
0.510999
0
0.201156
0.510999
0.510999
0.496908
0.510999
1.27453
0.510999
0
0
0
0.130261
0
0.510999
0
0
0
0
0.510999
0.510999
0.918335
0
0.686682
0.374507
0
0
0
1.23769
0.0549983
0
0.276425
0.401377
0.272937
0
1.05081
0.0610444
0.323382
1.27453
0.341536
0
0.989537
0
0
0
0.252839
1.27453
0
1.44613
0
0
0.510999
0
1.27453
0.308259
0
0.0407013
0.454897
0
0.124349
0.510999
0
0
0.186344
0
0.510999
0
0.388485
0
0.29739
0
1.22388
0.155293
0
0.510999
0
0
0.0459913
0
0.313578
1.27453
0.510999
0
0.0923486
0
0.510999
0.13084
0.181736
0.229519
0
0.251032
0.200989
0.510999
0
0
0
0.0615769
0
0.480138
0.510999
0.198788
0.180358
0.510999
0.510999
0.510999
0.595861
0
0.561986
1.78553
0.263315
1.27457
0
0
0.975497
1.19658
1.27453
0
0
0.181756
0
0.510999
0.510999
0
0.510999
0
0.510999
0.510999
0
0
0.106781
0.896355
1.27453
0.510999
0.510999
0.17847
0
0.331821
0.510999
0.181974
0
0
0.112587
0.168755
0
0
0
0.723782
0.267486
0.510999
0.510999
0.0114824
0.510999
0.0918719
0.510999
0.433184
0
0
0
0
0.510999
0.510999
0.510999
0.337911
0.500113
0.984443
0.75544
0.510999
0
0.160909
0.510999
0
0
0
0
1.27453
0
0.510999
0.791149
0.510999
0
0.510999
0.0451473
0.481624
0.0995756
0.510999
0.510999
0.510999
0
0.511295
0.510999
0.878567
0
0.510999
0.159053
0
0
0.0567676
0.510999
0
0.314981
0.510999
0.510999
0.510999
0.510999
0.21048
0
0
1.27453
1.27453
0
0
0.510999
0
0.103607
0
0.473876
0.774328
0.442366
0.293759
0
1.27453
0.441988
0
0
0
0.510999
0.351935
0.0659115
0.205442
0
0
0.108688
0.0380141
0.510999
0.510999
0.163639
1.27453
0.108837
0.510999
1.27453
0.273124
0.877564
0
0.510999
0
0
0
0.33793
0
1.27453
0.159543
0.31373
0.510999
0.510999
0.486804
0.215478
0.510999
0.136193
0.839046
0.340501
1.27453
0
0
0.923646
1.27453
1.27453
0
0
1.27453
1.04385
0.0284416
0
0.510999
0.510999
0.510999
0.510999
0.510999
0
0.264461
0.19729
0
0.510999
0
0
0
0
0
0
0.510999
0.175071
0.178737
0.114242
0
0.330515
0
0
1.27453
0
0
0.358768
0.510999
0
0.779855
0
0.510999
0
0.645436
0.510999
0.88902
0
0
0.510999
1.27461
0
0.2532
0
1.27453
0.510999
0.267103
0.450918
0.510999
0.404256
0.267419
0.876087
0.323382
1.27453
0.341536
0
0.989537
0
0
0
0.252839
1.27453
0
1.44613
0
0
0.510999
0
1.27453
0.308259
0
0.0407013
0.454897
0
0.124349
0.510999
0
0
0.186344
0
0.510999
0
0.388485
0
0.29739
0
1.22388
0.155293
0
0.510999
0
0
0.0459913
0
0.313578
1.27453
0.770131
0
0.0338146
0.267197
0
0.510999
0.131518
0
0.0623236
0.510999
0
0
0.0197396
0.510999
0.287471
0
0.510999
0.727352
1.71758
0
0.510999
0.510999
0.455102
0
0.510999
0
0.510999
1.27453
0.285107
1.27453
0
0
0.178358
0.331779
0
1.27453
0
0.461847
1.27453
0.286445
1.27455
0.642449
1.27453
0.510999
0.0293431
0
0.510999
0
0.991332
1.27453
0.510999
0.322298
0
0
0
0.632348
1.27453
0.510999
0.299587
0.246057
0.510999
1.27453
0
0.510999
0.412336
0.174538
0
0
0
0
1.76869
0
0.510999
0
0.201156
0.510999
0.510999
0.496908
0.510999
1.27453
0.510999
0
0
0
0.130261
0
0.510999
0
0
0
0
0.510999
0.510999
0.918335
0
0.686682
0.374507
0
0
0
1.23769
0.0549983
0
0.276425
0.401377
0.272937
0
1.05081
0.0610444
0.216281
0.770131
0
0.0338146
0.267197
0
0.510999
0.131518
0
0.0623236
0.510999
0
0
0.0197396
0.510999
0.287471
0
0.510999
0.727352
1.71758
0
0.510999
0.510999
0.455102
0
0.510999
0
0.510999
1.27453
0.285107
1.27453
0
0
0.178358
0.331779
0
1.27453
0
0.461847
1.27453
0.510999
0
0.0923486
0
0.510999
0.13084
0.181736
0.229519
0
0.251032
0.200989
0.510999
0
0
0
0.0615769
0
0.480138
0.510999
0.198788
0.180358
0.510999
0.510999
0.510999
0.595861
0
0.561986
1.78553
0.263315
1.27457
0
0
0.975497
1.19658
1.27453
0
0
0.181756
0
0.510999
0.510999
0
0.510999
0
0.198048
0.510999
0.510999
0
0
0.106781
0.896355
1.27453
0.510999
0.510999
0.17847
0
0.331821
0.510999
0.181974
0
0
0.112587
0.168755
0
0
0
0.723782
0.267486
0.510999
0.510999
0.0114824
0.510999
0.0918719
0.510999
0.433184
0
0
0
0
0.510999
0.510999
0.510999
0.337911
0.500113
0.984443
0.75544
0.510999
0
0.160909
0.510999
0
0
0
0
1.27453
0
0.510999
0.791149
0.510999
0
0.510999
0.0451473
0.481624
0.0995756
0.510999
0.510999
0.510999
0
0.511295
0.510999
0.878567
0
0.510999
0.159053
0
0
0.510999
0
0.0567676
0.510999
0
0.314981
0.510999
0.510999
0.510999
0.510999
0.21048
0
0
1.27453
1.27453
0
0
0.510999
0
0.103607
0
0.473876
0.774328
0.442366
0.293759
0
1.27453
0.441988
0
0
0
0.510999
0.351935
0.0659115
0.205442
0
0
0.108688
0.0380141
0.510999
0.510999
0.163639
1.27453
0.108837
0.510999
1.27453
0.273124
0.877564
0
0.510999
0
0
0
0.33793
0
1.27453
0.159543
0.31373
0.510999
0.510999
0.486804
0.215478
0.510999
0.136193
0.839046
0.340501
1.27453
0
0
0.923646
1.27453
1.27453
0
0
1.27453
1.04385
0.0284416
0
0.510999
0.510999
0.510999
0.510999
0.510999
0
0.264461
0.19729
0
0.510999
0
0
0
0
0
0
0.510999
0.175071
0.178737
0.114242
0
0.330515
0
0
1.27453
0
0
0.358768
0.510999
0
0.779855
0
0.510999
0
0.645436
0.510999
0.88902
0
0
0.510999
1.27461
0
0.2532
0
1.27453
0.510999
0.267103
0.450918
0.510999
0.404256
0.267419
0.876087
0.510999
0.364469
0.323382
1.27453
0.341536
0
0.989537
0
0
0
0.252839
1.27453
0
1.44613
0
0
0.510999
0
1.27453
0.308259
0
0.0407013
0.454897
0
0.124349
0.510999
0
0
0.186344
0
0.510999
0
0.388485
0
0.29739
0
1.22388
0.155293
0
0.510999
0
0
0.0459913
0
0.313578
0.770131
0
0.0338146
0.267197
0
0.510999
0.131518
0
0.0623236
0.510999
0
0
0.0197396
0.510999
0.287471
0
0.510999
0.727352
1.71758
0
0.510999
0.510999
0.455102
0
0.510999
0
0.510999
1.27453
0.285107
1.27453
0
0
0.178358
0.331779
0
1.27453
0
0.461847
1.27453
0.286445
1.27455
0.642449
1.27453
0.510999
0.0293431
0
0.510999
0
0.991332
1.27453
0.510999
0.322298
0
0
0
0.632348
1.27453
0.510999
0.299587
0.246057
0.510999
1.27453
0
0.510999
0.412336
0.174538
0
0
0
0
1.76869
0
0.510999
0
0.201156
0.510999
0.510999
0.496908
0.510999
1.27453
0.510999
0
0
0
0.130261
0
0.510999
0
0
0
0
0.510999
0.510999
0.918335
0
0.686682
0.374507
0
0
0
1.23769
0.0549983
0
0.276425
0.401377
0.272937
0
1.05081
0.0610444
0.216281
0
0.287559
0.0539764
0.286445
1.27455
0.642449
1.27453
0.510999
0.0293431
0
0.510999
0
0.991332
1.27453
0.510999
0.322298
0
0
0
0.632348
1.27453
0.510999
0.299587
0.246057
0.510999
1.27453
0
0.510999
0.412336
0.174538
0
0
0
0
1.76869
0
0.510999
0
0.510999
0
0.0923486
0
0.510999
0.13084
0.181736
0.229519
0
0.251032
0.200989
0.510999
0
0
0
0.0615769
0
0.480138
0.510999
0.198788
0.180358
0.510999
0.510999
0.510999
0.595861
0
0.561986
1.78553
0.263315
1.27457
0
0
0.975497
1.19658
1.27453
0
0
0.181756
0
0.510999
0.510999
0
0.510999
0
0.198048
0.510999
0.510999
0
0
0.106781
0.896355
1.27453
0.510999
0.510999
0.17847
0
0.331821
0.510999
0.181974
0
0
0.112587
0.168755
0
0
0
0.723782
0.267486
0.510999
0.510999
0.0114824
0.510999
0.0918719
0.510999
0.433184
0
0
0
0.510999
0.510999
0.337911
0.500113
0.984443
0.75544
0.510999
0
0.160909
0.510999
0
0
0
0
1.27453
0
0.510999
0.791149
0.510999
0
0.510999
0.0451473
0.481624
0.0995756
0.510999
0.510999
0.510999
0
0.511295
0.510999
0.878567
0
0.510999
0.159053
0
0
0.510999
0
0.128041
0
0.510999
0.0567676
0.510999
0
0.314981
0.510999
0.510999
0.510999
0.510999
0.21048
0
0
1.27453
1.27453
0
0
0.510999
0
0.103607
0
0.473876
0.774328
0.442366
0.293759
0
1.27453
0.441988
0
0
0
0.510999
0.351935
1.0185
0.0659115
0.205442
0
0
0.108688
0.0380141
0.510999
0.510999
0.163639
1.27453
0.108837
0.510999
1.27453
0.273124
0.877564
0
0.510999
0
0
0
0.33793
0
1.27453
0.159543
0.31373
0.510999
0.510999
0.486804
0.215478
0.510999
0.136193
0.839046
0.340501
1.27453
0
0
0.923646
1.27453
1.27453
0
0
1.27453
1.04385
0.0284416
0
1.27453
0.510999
0.510999
0.510999
0.510999
0.510999
0
0.264461
0.19729
0
0.510999
0
0
0
0
0
0
0.510999
0.175071
0.178737
0.114242
0
0.330515
0
0
1.27453
0
0
0.358768
0.510999
0
0.779855
0
0.510999
0
0.645436
0.510999
0.88902
0
0
0.510999
1.27461
0
0.2532
0
1.27453
0.510999
0.267103
0.450918
0.510999
0.404256
0.267419
0.876087
0.323382
1.27453
0.341536
0
0.989537
0
0
0
0.252839
1.27453
0
1.44613
0
0
0.510999
0
1.27453
0.308259
0
0.0407013
0.454897
0
0.124349
0.510999
0
0
0.186344
0
0.510999
0
0.388485
0
0.29739
0
1.22388
0.155293
0
0.510999
0
0
0.0459913
0
0.313578
0.770131
0
0.0338146
0.267197
0
0.510999
0.131518
0
0.0623236
0.510999
0
0
0.0197396
0.510999
0.287471
0
0.510999
0.727352
1.71758
0
0.510999
0.510999
0.455102
0
0.510999
0
0.510999
1.27453
0.285107
1.27453
0
0
0.178358
0.331779
0
1.27453
0
0.461847
1.27453
0.286445
1.27455
0.642449
1.27453
0.510999
0.0293431
0
0.510999
0
0.991332
1.27453
0.510999
0.322298
0
0
0
0.632348
1.27453
0.510999
0.299587
0.246057
0.510999
1.27453
0
0.510999
0.412336
0.174538
0
0
0
0
1.76869
0
0.510999
0
0.201156
0.510999
0.510999
0.496908
0.510999
1.27453
0.510999
0
0
0
0.130261
0
0.510999
0
0
0
0
0.510999
0.510999
0.918335
0
0.686682
0.374507
0
0
0
1.23769
0.0549983
0
0.276425
0.401377
0.272937
0
1.05081
0.0610444
0.216281
0
0.201156
0.510999
0.510999
0.496908
0.510999
1.27453
0.510999
0
0
0
0.130261
0
0.510999
0
0
0
0
0.510999
0.510999
0.918335
0
0.686682
0.374507
0
0
0
1.23769
0.0549983
0
0.276425
0.401377
0.272937
0
1.05081
0.0610444
0.216281
