0
0.510999
0.160669
0.526447
0
0.510999
1.27453
0
0
0
0.510999
0.368607
0
0
0
0.510999
0
1.27451
0.21626
0
0.510999
0.423704
0
0
0.510999
0
0.214896
0.510999
0.249489
0.510999
0.258573
0
0
0.510999
0
1.27454
0.0636513
0
0.510999
0.894728
0
0.225528
0
0
0
0.188459
1.01982
1.27453
0
0.510999
0.160669
0.526447
0
0.510999
1.27453
0
0
0
0.510999
0.368607
0
0
0
0.510999
0
1.27451
0.21626
0
0.510999
0.423704
0
0
0.510999
0
0.214896
0.510999
0.249489
0.510999
0.258573
0
0
0.510999
0
1.27454
0.0636513
0
0.510999
0.894728
0
0.225528
0
0
0
0.188459
1.01982
1.27453
0
0.561312
0.510999
1.27453
0.0897462
0.510999
0.382331
0
0
0.510999
0.510999
0.319905
0.510999
0.660941
0
0.300252
0.465924
0.510999
0.298047
0.510999
0
0
0.136912
0.402381
1.27453
0.895789
1.27453
0
0
0
0
1.27453
0
0
0.12938
0.987852
0.510999
0
0.510999
1.27453
0.510999
0
0.182123
0
1.27453
0
0
0.510999
0.510999
0.510999
0.510999
0.510999
0.510999
0.398902
0.696389
0
0
0.668139
0
0.223
1.23036
0.510999
0.186469
0.149211
0.0888111
0
0
0
0.200847
0.510999
0.504805
0.0710083
0.267993
0
0.504746
0.266084
0
1.27457
1.27453
0.510999
0.510999
1.27453
0
0.338603
0
0.174243
0.9732
0.407743
0.887318
0
0
0.510999
0.510999
0.249267
0.510999
0.243212
0.665542
0.240821
0.510999
0.510999
0
0
0
0.0493451
0.510999
1.09862
0.40022
0.510999
0
0
0.313023
0.19497
0
0
0.23423
0.510999
0.675109
0.510999
0.452716
0.864976
0.510999
0
0.910511
0
0
0
0.299341
0.0490518
0.642628
0
0
0.31078
0.16328
0.510999
0.374286
0
1.2745
0.505405
0
1.01752
0.274703
0.510999
0
0.271901
0.320928
0.417729
0.377985
0.510999
0
0.371905
0.57789
0.510999
0
0
0
0.510999
0.810188
0
0.510999
0.069119
0.510999
0
0
0
0.0729577
0
0.510999
0.510999
0.247776
0
0.79911
0.510999
0
0.265553
0.0394258
0
1.2745
1.0394
0.510999
0.228215
0
0.157647
0.510999
1.27451
1.27453
0
1.27453
0
0.338922
0
0.510999
0.237846
0.510999
0.510999
0.682372
0
0
0.687608
0.380186
1.27453
0
0.00700994
0.130936
0.183025
0.510999
0
0.510999
0
0.0329413
0.954392
0.299302
0
0.510999
0
0
0.91292
0
1.27451
0
0
0
0.446206
0.158204
0
0.510999
0
0.10166
1.27453
0
0.121603
0
0.362908
0
0.368563
0
0.238485
0
0.510999
0.799049
0.510999
0.656017
0.510999
0
0.721335
0.303537
0
0.510999
0.510999
0.510999
0
0
0.510999
0.510999
0.266416
0.510999
0.158045
0.320293
0.142448
0
0
0.174225
0.118773
0.0142308
0.510999
0.332763
0.510999
0
0.270735
0.510999
0
0.510999
0
0.510999
0.811254
0.278236
0.510999
0.510999
0.510999
0.510999
0
0
0.848222
0.88258
0
0.510999
0.510999
0
0.510999
0.271081
0.510999
0
0.17345
0.389892
0.510999
0
0
0.510999
1.07956
1.27453
1.27453
0.885893
0
0.959021
0.510999
0.510999
0.217587
0.293257
0
0
0.411463
0
0
1.27453
0
0.510999
0.3607
0.510999
0
0
0
0
0
0.326333
0.995768
0
0.510999
0.510999
0.510999
0.764716
0.510999
0
0.510999
0.053064
0.225824
0.74569
1.27449
0.0162779
0.217729
0.0837657
0
0.146404
0
0.936967
0.510999
1.27453
0
0.510999
0.732665
1.06441
0
0.262163
0.00653581
0
0
0.510999
0.159304
0
0.510999
0
1.27453
0
0
0.289052
0.234404
0
1.27453
0.510999
0.285651
0.561312
0.510999
1.27453
0.0897462
0.510999
0.382331
0
0
0.510999
0.510999
0.319905
0.510999
0.660941
0
0.300252
0.465924
0.510999
0.298047
0.510999
0
0
0.136912
0.402381
1.27453
0.895789
1.27453
0
0
0
0
1.27453
0
0
0.12938
0.987852
0.510999
0
0.510999
1.27453
0.510999
0
0.182123
0
1.27453
0
0
0.510999
0
0.510999
0.160669
0.526447
0
0.510999
1.27453
0
0
0
0.510999
0.368607
0
0
0
0.510999
0
1.27451
0.21626
0
0.510999
0.423704
0
0
0.510999
0
0.214896
0.510999
0.249489
0.510999
0.258573
0
0
0.510999
0
1.27454
0.0636513
0
0.510999
0.894728
0
0.225528
0
0
0
0.188459
1.01982
1.27453
0
0.561312
0.510999
1.27453
0.0897462
0.510999
0.382331
0
0
0.510999
0.510999
0.319905
0.510999
0.660941
0
0.300252
0.465924
0.510999
0.298047
0.510999
0
0
0.136912
0.402381
1.27453
0.895789
1.27453
0
0
0
0
1.27453
0
0
0.12938
0.987852
0.510999
0
0.510999
1.27453
0.510999
0
0.182123
0
1.27453
0
0
0.510999
0.510999
0.510999
0.510999
0.510999
0.510999
0.398902
0.696389
0
0
0.668139
0
0.223
1.23036
0.510999
0.186469
0.149211
0.0888111
0
0
0
0.200847
0.510999
0.504805
0.0710083
0.267993
0
0.504746
0.266084
0
1.27457
1.27453
0.510999
0.510999
1.27453
0
0.338603
0
0.174243
0.9732
0.407743
0.00581488
0.887318
0
0
0.510999
0.510999
0.249267
0.510999
0.243212
0.665542
0.240821
0.510999
0.510999
0
0
0
0.0493451
0.510999
1.09862
0.40022
0.510999
0
0
0.313023
0.19497
0
0
0.23423
0.510999
0.675109
0.510999
0.452716
0.864976
0.510999
0
0.910511
0
0
0
0.299341
0.0490518
0.642628
0
0
0.31078
0.16328
0.510999
0.374286
0
1.2745
0.505405
0
1.01752
0.274703
0.510999
0
0.271901
0.320928
0.417729
0.377985
0.510999
0
0.371905
0.57789
0.510999
0
0
0
0.510999
0.810188
0
0.510999
0.069119
0.510999
0
0
0
0.0729577
0
0.510999
0.510999
0.247776
0
0.79911
0.510999
0
0.265553
0.0394258
0
1.2745
1.0394
0.510999
0.228215
0
0.157647
0.510999
1.27451
1.27453
0
1.27453
0
0.338922
0
0.510999
0.237846
0.510999
0.510999
0.682372
0
0
0.687608
0.380186
1.27453
0
0.00700994
0.130936
0.183025
0.510999
0
0.510999
0
0.0329413
0.954392
0.299302
0
0.510999
0
0
0.91292
0
1.27451
0
0
0
0.446206
0.158204
0
0.510999
0
0.10166
1.27453
0
0.121603
0
0.362908
0
0.368563
0
0.238485
0
0.510999
0.799049
0.510999
0.656017
0.510999
0
0.721335
0.303537
0
0.510999
0.510999
0.510999
0
0
0.510999
0.510999
0.266416
0.510999
0.158045
0
0
0.358502
0.999881
0.184071
0.320293
0.142448
0
0
0.174225
0.118773
0.0142308
0.510999
0.332763
0.510999
0
0.270735
0.510999
0
0.510999
0
0.510999
0.811254
0.278236
0.510999
0.510999
0.510999
0.510999
0
0
0.848222
0.88258
0
0.510999
0.510999
0
0.510999
0.271081
0.510999
0
0
0.510999
0.24633
0
0.17345
0.389892
0.510999
0
0
0.510999
1.07956
1.27453
1.27453
0.885893
0
0.959021
0.510999
0.510999
0.217587
0.293257
0
0
0.411463
0
0
1.27453
0
0.510999
0.3607
0.510999
0
0
0
0
0
0.326333
0.995768
0
0.510999
0.510999
0.510999
0.764716
0.510999
0
0.510999
0.053064
0.225824
0.74569
1.27449
0.0162779
0.217729
0.0837657
0
0.146404
0
0.936967
0.510999
1.27453
0
0.510999
0.732665
1.06441
0
0.262163
0.00653581
0
0
0.510999
0.159304
0
0.510999
0
1.27453
0
0
0.289052
0.234404
0
1.27453
0.510999
0.285651
0.510999
0.510999
0.510999
0.510999
0.510999
0.398902
0.696389
0
0
0.668139
0
0.223
1.23036
0.510999
0.186469
0.149211
0.0888111
0
0
0
0.200847
0.510999
0.504805
0.0710083
0.267993
0
0.504746
0.266084
0
1.27457
1.27453
0.510999
0.510999
1.27453
0
0.338603
0
0.174243
0.9732
0.407743
0.00581488
0
0.510999
0.160669
0.526447
0
0.510999
1.27453
0
0
0
0.510999
0.368607
0
0
0
0.510999
0
1.27451
0.21626
0
0.510999
0.423704
0
0
0.510999
0
0.214896
0.510999
0.249489
0.510999
0.258573
0
0
0.510999
0
1.27454
0.0636513
0
0.510999
0.894728
0
0.225528
0
0
0
0.188459
1.01982
1.27453
0.561312
0.510999
1.27453
0.0897462
0.510999
0.382331
0
0
0.510999
0.510999
0.319905
0.510999
0.660941
0
0.300252
0.465924
0.510999
0.298047
0.510999
0
0
0.136912
0.402381
1.27453
0.895789
1.27453
0
0
0
0
1.27453
0
0
0.12938
0.987852
0.510999
0
0.510999
1.27453
0.510999
0
0.182123
0
1.27453
0
0
0.510999
0.510999
0.510999
0.510999
0.510999
0.510999
0.398902
0.696389
0
0
0.668139
0
0.223
1.23036
0.510999
0.186469
0.149211
0.0888111
0
0
0
0.200847
0.510999
0.504805
0.0710083
0.267993
0
0.504746
0.266084
0
1.27457
1.27453
0.510999
0.510999
1.27453
0
0.338603
0
0.174243
0.9732
0.407743
0.00581488
1.27453
0.887318
0
0
0.510999
0.510999
0.249267
0.510999
0.243212
0.665542
0.240821
0.510999
0.510999
0
0
0
0.0493451
0.510999
1.09862
0.40022
0.510999
0
0
0.313023
0.19497
0
0
0.23423
0.510999
0.675109
0.510999
0.452716
0.864976
0.510999
0
0.910511
0
0
0
0.299341
0.0490518
0.642628
0
0
0.31078
0.16328
0.510999
0.374286
0
1.2745
0.505405
0
1.01752
0.274703
0.510999
0
0.271901
0.320928
0.417729
0.377985
0.510999
0
0.371905
0.57789
0.510999
0
0
0
0.510999
0.810188
0
0.510999
0.069119
0.510999
0
0
0
0.0729577
0
0.510999
0.510999
0.247776
0
0.79911
0.510999
0
0.265553
0.0394258
0
1.2745
1.0394
0.510999
0.228215
0
0.157647
0.510999
1.27451
1.27453
0
1.27453
0
0.338922
0
0.510999
0.237846
0.510999
0.510999
0.682372
0
0
0.687608
0.380186
1.27453
0
0.00700994
0.130936
0.183025
0.510999
0
0.510999
0
0.0329413
0.954392
0.299302
0
0.510999
0
0
0.91292
1.27451
0
0
0
0.446206
0.158204
0
0.510999
0
0.10166
1.27453
0
0.121603
0
0.362908
0
0.368563
0
0.238485
0
0.510999
0.799049
0.510999
0.656017
0.510999
0
0.721335
0.303537
0
0.510999
0.510999
0.510999
0
0
0.510999
0.510999
0.266416
0.510999
0.158045
0
0
0.358502
0.320293
0.142448
0
0
0.174225
0.118773
0.0142308
0.510999
0.332763
0.510999
0
0.270735
0.510999
0
0.510999
0
0.510999
0.811254
0.278236
0.510999
0.510999
0.510999
0.510999
0
0
0.848222
0.88258
0
0.510999
0.510999
0
0.510999
0.271081
0.510999
0
0.17345
0.389892
0.510999
0
0
0.510999
1.07956
1.27453
1.27453
0.885893
0
0.959021
0.510999
0.510999
0.217587
0.293257
0
0
0.411463
0
0
1.27453
0
0.510999
0.3607
0.510999
0
0
0
0
0
0.326333
0.995768
0
0.510999
0.510999
0.510999
0.764716
0.510999
0
0.510999
0.053064
0.225824
0.74569
1.27449
0.0162779
0.217729
0.0837657
0
0.146404
0
0.936967
0.510999
1.27453
0
0.510999
0.732665
1.06441
0
0.262163
0.00653581
0
0
0.510999
0.159304
0
0.510999
0
1.27453
0
0
0.289052
0.234404
0
1.27453
0.510999
0.285651
0
0.887318
0
0
0.510999
0.510999
0.249267
0.510999
0.243212
0.665542
0.240821
0.510999
0.510999
0
0
0
0.0493451
0.510999
1.09862
0.40022
0.510999
0
0
0.313023
0.19497
0
0
0.23423
0.510999
0.675109
0.510999
0.452716
0.864976
0.510999
0
0.910511
0
0
0
0.299341
0.691937
0
0.510999
0.160669
0.526447
0
0.510999
1.27453
0
0
0
0.510999
0.368607
0
0
0
0.510999
0
1.27451
0.21626
0
0.510999
0.423704
0
0
0.510999
0
0.214896
0.510999
0.249489
0.510999
0.258573
0
0
0.510999
0
1.27454
0.0636513
0
0.510999
0.894728
0
0.225528
0
0
0
0.188459
1.01982
1.27453
0
0.561312
0.510999
1.27453
0.0897462
0.510999
0.382331
0
0
0.510999
0.510999
0.319905
0.510999
0.660941
0
0.300252
0.465924
0.510999
0.298047
0.510999
0
0
0.136912
0.402381
1.27453
0.895789
1.27453
0
0
0
0
1.27453
0
0
0.12938
0.987852
0.510999
0
0.510999
1.27453
0.510999
0
0.182123
0
1.27453
0
0
0.510999
0.510999
0.510999
0.510999
0.510999
0.510999
0.398902
0.696389
0
0
0.668139
0
0.223
1.23036
0.510999
0.186469
0.149211
0.0888111
0
0
0
0.200847
0.510999
0.504805
0.0710083
0.267993
0
0.504746
0.266084
0
1.27457
1.27453
0.510999
0.510999
1.27453
0
0.338603
0
0.174243
0.9732
0.407743
0.887318
0
0
0.510999
0.510999
0.249267
0.510999
0.243212
0.665542
0.240821
0.510999
0.510999
0
0
0
0.0493451
0.510999
1.09862
0.40022
0.510999
0
0
0.313023
0.19497
0
0
0.23423
0.510999
0.675109
0.510999
0.452716
0.864976
0.510999
0
0.910511
0
0
0
0.299341
0.691937
0.0490518
0.642628
0
0
0.31078
0.16328
0.510999
0.374286
0
1.2745
0.505405
0
1.01752
0.274703
0.510999
0
0.271901
0.320928
0.417729
0.377985
0.510999
0
0.371905
0.57789
0.510999
0
0
0
0.510999
0.810188
0
0.510999
0.069119
0.510999
0
0
0
0.0729577
0
0.510999
0.510999
0.510999
0
0.265553
0.0394258
0
1.2745
1.0394
0.510999
0.228215
0
0.157647
0.510999
1.27451
1.27453
0
1.27453
0
0.338922
0
0.510999
0.237846
0.510999
0.510999
0.682372
0
0
0.687608
0.380186
1.27453
0
0.00700994
0.130936
0.183025
0.510999
0
0.510999
0
0.0329413
0.954392
0.299302
0
0.510999
0
0
0.91292
0
1.27451
0
0
0
0.446206
0.158204
0
0.510999
0
0.10166
1.27453
0
0.121603
0
0.362908
0
0.368563
0
0.238485
0
0.510999
0.799049
0.510999
0.656017
0.510999
0
0.721335
0.303537
0
0.510999
0.510999
0.510999
0
0
0.510999
0.510999
0.266416
0.510999
0.158045
0
0.320293
0.142448
0
0
0.174225
0.118773
0.0142308
0.510999
0.332763
0.510999
0
0.270735
0.510999
0
0.510999
0
0.510999
0.811254
0.278236
0.510999
0.510999
0.510999
0.510999
0
0
0.848222
0.88258
0
0.510999
0.510999
0
0.510999
0.271081
0.510999
0
0
0.510999
0
0.17345
0.389892
0.510999
0
0
0.510999
1.07956
1.27453
1.27453
0.885893
0
0.959021
0.510999
0.510999
0.217587
0.293257
0
0
0.411463
0
0
1.27453
0
0.510999
0.3607
0.510999
0
0
0
0
0
0.326333
0.995768
0
0.510999
0.510999
0.510999
0.764716
0.510999
0
0.510999
0.053064
0.225824
0.74569
1.27449
0.0162779
0.217729
0.0837657
0
0.146404
0
0.936967
0.510999
1.27453
0
0.510999
0.732665
1.06441
0
0.262163
0.00653581
0
0
0.510999
0.159304
0
0.510999
0
1.27453
0
0
0.289052
0.234404
0
1.27453
0.510999
0.0490518
0.642628
0
0
0.31078
0.16328
0.510999
0.374286
0
1.2745
0.505405
0
1.01752
0.274703
0.510999
0
0.271901
0.320928
0.417729
0.377985
0.510999
0
0.371905
0.57789
0.510999
0
0
0
0.510999
0.810188
0
0.510999
0.069119
0.510999
0
0
0
0.0729577
0
0.510999
0.510999
0
0.510999
0.160669
0.526447
0
0.510999
1.27453
0
0
0
0.510999
0.368607
0
0
0
0.510999
0
1.27451
0.21626
0
0.510999
0.423704
0
0
0.510999
0
0.214896
0.510999
0.249489
0.510999
0.258573
0
0
0.510999
0
1.27454
0.0636513
0
0.510999
0.894728
0
0.225528
0
0
0
0.188459
1.01982
1.27453
0
0.561312
0.510999
1.27453
0.0897462
0.510999
0.382331
0
0
0.510999
0.510999
0.319905
0.510999
0.660941
0
0.300252
0.465924
0.510999
0.298047
0.510999
0
0
0.136912
0.402381
1.27453
0.895789
1.27453
0
0
0
0
1.27453
0
0
0.12938
0.987852
0.510999
0
0.510999
1.27453
0.510999
0
0.182123
0
1.27453
0
0
0.510999
0.510999
0.510999
0.510999
0.510999
0.510999
0.398902
0.696389
0
0
0.668139
0
0.223
1.23036
0.510999
0.186469
0.149211
0.0888111
0
0
0
0.200847
0.510999
0.504805
0.0710083
0.267993
0
0.504746
0.266084
0
1.27457
1.27453
0.510999
0.510999
1.27453
0
0.338603
0
0.174243
0.9732
0.407743
0.887318
0
0
0.510999
0.510999
0.249267
0.510999
0.243212
0.665542
0.240821
0.510999
0.510999
0
0
0
0.0493451
0.510999
1.09862
0.40022
0.510999
0
0
0.313023
0.19497
0
0
0.23423
0.510999
0.675109
0.510999
0.452716
0.864976
0.510999
0
0.910511
0
0
0
0.299341
0.0490518
0.642628
0
0
0.31078
0.16328
0.510999
0.374286
0
1.2745
0.505405
0
1.01752
0.274703
0.510999
0
0.271901
0.320928
0.417729
0.377985
0.510999
0
0.371905
0.57789
0.510999
0
0
0
0.510999
0.810188
0
0.510999
0.069119
0.510999
0
0
0
0.0729577
0
0.510999
0.510999
0.510999
0
0.265553
0.0394258
0
1.2745
1.0394
0.510999
0.228215
0
0.157647
0.510999
1.27451
1.27453
0
1.27453
0
0.338922
0
0.510999
0.237846
0.510999
0.510999
0.682372
0
0
0.687608
0.380186
1.27453
0
0.00700994
0.130936
0.183025
0.510999
0
0.510999
0
0.0329413
0.954392
0.299302
0
0.510999
0
1.27451
0
0
0
0.446206
0.158204
0
0.510999
0
0.10166
1.27453
0
0.121603
0
0.362908
0
0.368563
0
0.238485
0
0.510999
0.799049
0.510999
0.656017
0.510999
0
0.721335
0.303537
0
0.510999
0.510999
0.510999
0
0
0.510999
0.510999
0.266416
0.510999
0.158045
0
0
0.358502
0.320293
0.142448
0
0
0.174225
0.118773
0.0142308
0.510999
0.332763
0.510999
0
0.270735
0.510999
0
0.510999
0
0.510999
0.811254
0.278236
0.510999
0.510999
0.510999
0.510999
0
0
0.848222
0.88258
0
0.510999
0.510999
0
0.510999
0.271081
0.510999
0
0.17345
0.389892
0.510999
0
0
0.510999
1.07956
1.27453
1.27453
0.885893
0
0.959021
0.510999
0.510999
0.217587
0.293257
0
0
0.411463
0
0
1.27453
0
0.510999
0.3607
0.510999
0
0
0
0
0
0.326333
0.995768
0
0.510999
0.510999
0.510999
0.764716
0.510999
0
0.510999
0.053064
0.225824
0.74569
1.27449
0.0162779
0.217729
0.0837657
0
0.146404
0
0.936967
0.510999
1.27453
0
0.510999
0.732665
1.06441
0
0.262163
0.00653581
0
0
0.510999
0.159304
0
0.510999
0
1.27453
0
0
0.289052
0.234404
0
1.27453
0.510999
0.285651
0
0.510999
0
0.265553
0.0394258
0
1.2745
1.0394
0.510999
0.228215
0
0.157647
0.510999
1.27451
1.27453
0
1.27453
0
0.338922
0
0.510999
0.237846
0.510999
0.510999
0.682372
0
0
0.687608
0.380186
1.27453
0
0.00700994
0.130936
0.183025
0.510999
0
0.510999
0
0.0329413
0.954392
0.299302
0
0.510999
0
0
0.91292
0
0.510999
0.160669
0.526447
0
0.510999
1.27453
0
0
0
0.510999
0.368607
0
0
0
0.510999
0
1.27451
0.21626
0
0.510999
0.423704
0
0
0.510999
0
0.214896
0.510999
0.249489
0.510999
0.258573
0
0
0.510999
0
1.27454
0.0636513
0
0.510999
0.894728
0
0.225528
0
0
0
0.188459
1.01982
1.27453
0
0.561312
0.510999
1.27453
0.0897462
0.510999
0.382331
0
0
0.510999
0.510999
0.319905
0.510999
0.660941
0
0.300252
0.465924
0.510999
0.298047
0.510999
0
0
0.136912
0.402381
1.27453
0.895789
1.27453
0
0
0
0
1.27453
0
0
0.12938
0.987852
0.510999
0
0.510999
1.27453
0.510999
0
0.182123
0
1.27453
0
0
0.510999
0
0.510999
0.510999
0.510999
0.510999
0.510999
0.398902
0.696389
0
0
0.668139
0
0.223
1.23036
0.510999
0.186469
0.149211
0.0888111
0
0
0
0.200847
0.510999
0.504805
0.0710083
0.267993
0
0.504746
0.266084
0
1.27457
1.27453
0.510999
0.510999
1.27453
0
0.338603
0
0.174243
0.9732
0.407743
0.00581488
1.27453
0.887318
0
0
0.510999
0.510999
0.249267
0.510999
0.243212
0.665542
0.240821
0.510999
0.510999
0
0
0
0.0493451
0.510999
1.09862
0.40022
0.510999
0
0
0.313023
0.19497
0
0
0.23423
0.510999
0.675109
0.510999
0.452716
0.864976
0.510999
0
0.910511
0
0
0
0.299341
0.691937
0.0490518
0.642628
0
0
0.31078
0.16328
0.510999
0.374286
0
1.2745
0.505405
0
1.01752
0.274703
0.510999
0
0.271901
0.320928
0.417729
0.377985
0.510999
0
0.371905
0.57789
0.510999
0
0
0
0.510999
0.810188
0
0.510999
0.069119
0.510999
0
0
0
0.0729577
0
0.510999
0.510999
0.247776
0
0.79911
0.510999
0
0.265553
0.0394258
0
1.2745
1.0394
0.510999
0.228215
0
0.157647
0.510999
1.27451
1.27453
0
1.27453
0
0.338922
0
0.510999
0.237846
0.510999
0.510999
0.682372
0
0
0.687608
0.380186
1.27453
0
0.00700994
0.130936
0.183025
0.510999
0
0.510999
0
0.0329413
0.954392
0.299302
0
0.510999
0
0
0.91292
0
1.27451
0
0
0
0.446206
0.158204
0
0.510999
0
0.10166
1.27453
0
0.121603
0
0.362908
0
0.368563
0
0.238485
0
0.510999
0.799049
0.510999
0.656017
0.510999
0
0.721335
0.303537
0
0.510999
0.510999
0.510999
0
0
0.510999
0.510999
0.266416
0.510999
0.158045
0
0
0.358502
0.320293
0.142448
0
0
0.174225
0.118773
0.0142308
0.510999
0.332763
0.510999
0
0.270735
0.510999
0
0.510999
0
0.510999
0.811254
0.278236
0.510999
0.510999
0.510999
0.510999
0
0
0.848222
0.88258
0
0.510999
0.510999
0
0.510999
0.271081
0.510999
0
0.17345
0.389892
0.510999
0
0
0.510999
1.07956
1.27453
1.27453
0.885893
0
0.959021
0.510999
0.510999
0.217587
0.293257
0
0
0.411463
0
0
1.27453
0
0.510999
0.3607
0.510999
0
0
0
0
0
0.326333
0.995768
0
0.510999
0.510999
0.510999
0.764716
0.510999
0
0.510999
0.053064
0.225824
0.74569
1.27449
0.0162779
0.217729
0.0837657
0
0.146404
0
0.936967
0.510999
1.27453
0
0.510999
0.732665
1.06441
0
0.262163
0.00653581
0
0
0.510999
0.159304
0
0.510999
0
1.27453
0
0
0.289052
0.234404
1.27451
0
0
0
0.446206
0.158204
0
0.510999
0
0.10166
1.27453
0
0.121603
0
0.362908
0
0.368563
0
0.238485
0
0.510999
0.799049
0.510999
0.656017
0.510999
0
0.721335
0.303537
0
0.510999
0.510999
0.510999
0
0
0.510999
0.510999
0.266416
0.510999
0.158045
0
0
0.358502
0
0.510999
0.160669
0.526447
0
0.510999
1.27453
0
0
0
0.510999
0.368607
0
0
0
0.510999
0
1.27451
0.21626
0
0.510999
0.423704
0
0
0.510999
0
0.214896
0.510999
0.249489
0.510999
0.258573
0
0
0.510999
0
1.27454
0.0636513
0
0.510999
0.894728
0
0.225528
0
0
0
0.188459
0.561312
0.510999
1.27453
0.0897462
0.510999
0.382331
0
0
0.510999
0.510999
0.319905
0.510999
0.660941
0
0.300252
0.465924
0.510999
0.298047
0.510999
0
0
0.136912
0.402381
1.27453
0.895789
1.27453
0
0
0
0
1.27453
0
0
0.12938
0.987852
0.510999
0
0.510999
1.27453
0.510999
0
0.182123
0
1.27453
0
0
0.510999
0.510999
0.510999
0.510999
0.510999
0.510999
0.398902
0.696389
0
0
0.668139
0
0.223
1.23036
0.510999
0.186469
0.149211
0.0888111
0
0
0
0.200847
0.510999
0.504805
0.0710083
0.267993
0
0.504746
0.266084
0
1.27457
1.27453
0.510999
0.510999
1.27453
0
0.338603
0
0.174243
0.887318
0
0
0.510999
0.510999
0.249267
0.510999
0.243212
0.665542
0.240821
0.510999
0.510999
0
0
0
0.0493451
0.510999
1.09862
0.40022
0.510999
0
0
0.313023
0.19497
0
0
0.23423
0.510999
0.675109
0.510999
0.452716
0.864976
0.510999
0
0.910511
0
0
0
0.299341
0.691937
0.0490518
0.642628
0
0
0.31078
0.16328
0.510999
0.374286
0
1.2745
0.505405
0
1.01752
0.274703
0.510999
0
0.271901
0.320928
0.417729
0.377985
0.510999
0
0.371905
0.57789
0.510999
0
0
0
0.510999
0.810188
0
0.510999
0.069119
0.510999
0
0
0
0.0729577
0
0.510999
0.510999
0.510999
0
0.265553
0.0394258
0
1.2745
1.0394
0.510999
0.228215
0
0.157647
0.510999
1.27451
1.27453
0
1.27453
0
0.338922
0
0.510999
0.237846
0.510999
0.510999
0.682372
0
0
0.687608
0.380186
1.27453
0
0.00700994
0.130936
0.183025
0.510999
0
0.510999
0
0.0329413
0.954392
0.299302
0
0.510999
0
0
1.27451
0
0
0
0.446206
0.158204
0
0.510999
0
0.10166
1.27453
0
0.121603
0
0.362908
0
0.368563
0
0.238485
0
0.510999
0.799049
0.510999
0.656017
0.510999
0
0.721335
0.303537
0
0.510999
0.510999
0.510999
0
0
0.510999
0.510999
0.266416
0.510999
0.158045
0
0
0.320293
0.142448
0
0
0.174225
0.118773
0.0142308
0.510999
0.332763
0.510999
0
0.270735
0.510999
0
0.510999
0
0.510999
0.811254
0.278236
0.510999
0.510999
0.510999
0.510999
0
0
0.848222
0.88258
0
0.510999
0.510999
0
0.510999
0.271081
0.510999
0
0.17345
0.389892
0.510999
0
0
0.510999
1.07956
1.27453
1.27453
0.885893
0
0.959021
0.510999
0.510999
0.217587
0.293257
0
0
0.411463
0
0
1.27453
0
0.510999
0.3607
0.510999
0
0
0
0
0
0.326333
0.995768
0
0.510999
0.510999
0.510999
0.764716
0.510999
0
0.510999
0.053064
0.225824
0.74569
1.27449
0.0162779
0.217729
0.0837657
0
0.146404
0
0.936967
0.510999
1.27453
0
0.510999
0.732665
1.06441
0
0.262163
0.00653581
0
0
0.510999
0.159304
0
0.510999
0
1.27453
0
0
0.289052
0.234404
0
1.27453
0.510999
0.320293
0.142448
0
0
0.174225
0.118773
0.0142308
0.510999
0.332763
0.510999
0
0.270735
0.510999
0
0.510999
0
0.510999
0.811254
0.278236
0.510999
0.510999
0.510999
0.510999
0
0
0.848222
0.88258
0
0.510999
0.510999
0
0.510999
0.271081
0.510999
0
0.510999
0.160669
0.526447
0
0.510999
1.27453
0
0
0
0.510999
0.368607
0
0
0
0.510999
0
1.27451
0.21626
0
0.510999
0.423704
0
0
0.510999
0
0.214896
0.510999
0.249489
0.510999
0.258573
0
0
0.510999
0
1.27454
0.0636513
0
0.510999
0.894728
0
0.225528
0
0
0
0.188459
1.01982
1.27453
0
0.561312
0.510999
1.27453
0.0897462
0.510999
0.382331
0
0
0.510999
0.510999
0.319905
0.510999
0.660941
0
0.300252
0.465924
0.510999
0.298047
0.510999
0
0
0.136912
0.402381
1.27453
0.895789
1.27453
0
0
0
0
1.27453
0
0
0.12938
0.987852
0.510999
0
0.510999
1.27453
0.510999
0
0.182123
0
1.27453
0
0
0.510999
0
0.510999
0.510999
0.510999
0.510999
0.510999
0.398902
0.696389
0
0
0.668139
0
0.223
1.23036
0.510999
0.186469
0.149211
0.0888111
0
0
0
0.200847
0.510999
0.504805
0.0710083
0.267993
0
0.504746
0.266084
0
1.27457
1.27453
0.510999
0.510999
1.27453
0
0.338603
0
0.174243
0.9732
0.887318
0
0
0.510999
0.510999
0.249267
0.510999
0.243212
0.665542
0.240821
0.510999
0.510999
0
0
0
0.0493451
0.510999
1.09862
0.40022
0.510999
0
0
0.313023
0.19497
0
0
0.23423
0.510999
0.675109
0.510999
0.452716
0.864976
0.510999
0
0.910511
0
0
0
0.299341
0.691937
0.0490518
0.642628
0
0
0.31078
0.16328
0.510999
0.374286
0
1.2745
0.505405
0
1.01752
0.274703
0.510999
0
0.271901
0.320928
0.417729
0.377985
0.510999
0
0.371905
0.57789
0.510999
0
0
0
0.510999
0.810188
0
0.510999
0.069119
0.510999
0
0
0
0.0729577
0
0.510999
0.510999
0.510999
0
0.265553
0.0394258
0
1.2745
1.0394
0.510999
0.228215
0
0.157647
0.510999
1.27451
1.27453
0
1.27453
0
0.338922
0
0.510999
0.237846
0.510999
0.510999
0.682372
0
0
0.687608
0.380186
1.27453
0
0.00700994
0.130936
0.183025
0.510999
0
0.510999
0
0.0329413
0.954392
0.299302
0
0.510999
0
0
0.91292
0
1.27451
0
0
0
0.446206
0.158204
0
0.510999
0
0.10166
1.27453
0
0.121603
0
0.362908
0
0.368563
0
0.238485
0
0.510999
0.799049
0.510999
0.656017
0.510999
0
0.721335
0.303537
0
0.510999
0.510999
0.510999
0
0
0.510999
0.510999
0.266416
0.510999
0.158045
0.320293
0.142448
0
0
0.174225
0.118773
0.0142308
0.510999
0.332763
0.510999
0
0.270735
0.510999
0
0.510999
0
0.510999
0.811254
0.278236
0.510999
0.510999
0.510999
0.510999
0
0
0.848222
0.88258
0
0.510999
0.510999
0
0.510999
0.271081
0
0.17345
0.389892
0.510999
0
0
0.510999
1.07956
1.27453
1.27453
0.885893
0
0.959021
0.510999
0.510999
0.217587
0.293257
0
0
0.411463
0
0
1.27453
0
0.510999
0.3607
0.510999
0
0
0
0
0
0.326333
0.995768
0
0.510999
0.510999
0.510999
0.764716
0.510999
0
0.510999
0.053064
0.225824
0.74569
1.27449
0.0162779
0.217729
0.0837657
0
0.146404
0
0.936967
0.510999
1.27453
0
0.510999
0.732665
1.06441
0
0.262163
0.00653581
0
0
0.510999
0.159304
0
0.510999
0
1.27453
0
0
0.289052
0.234404
0
1.27453
0.510999
0.285651
0
0
0.17345
0.389892
0.510999
0
0
0.510999
1.07956
1.27453
1.27453
0.885893
0
0.959021
0.510999
0.510999
0.217587
0.293257
0
0
0.411463
0
0
1.27453
0
0.510999
0.3607
0.510999
0
0
0
0
0
0.326333
0.995768
0
0.510999
0.510999
0.510999
0.764716
0.510999
0
0.510999
0.053064
0.225824
0.74569
0
0.510999
0.160669
0.526447
0
0.510999
1.27453
0
0
0
0.510999
0.368607
0
0
0
0.510999
0
1.27451
0.21626
0
0.510999
0.423704
0
0
0.510999
0
0.214896
0.510999
0.249489
0.510999
0.258573
0
0
0.510999
0
1.27454
0.0636513
0
0.510999
0.894728
0
0.225528
0
0
0
0.188459
1.01982
1.27453
0
0.510999
1.27453
0.561312
0.510999
1.27453
0.0897462
0.510999
0.382331
0
0
0.510999
0.510999
0.319905
0.510999
0.660941
0
0.300252
0.465924
0.510999
0.298047
0.510999
0
0
0.136912
0.402381
1.27453
0.895789
1.27453
0
0
0
0
1.27453
0
0
0.12938
0.987852
0.510999
0
0.510999
1.27453
0.510999
0
0.182123
0
1.27453
0
0
0.510999
0.510999
0.510999
0.510999
0.510999
0.510999
0.398902
0.696389
0
0
0.668139
0
0.223
1.23036
0.510999
0.186469
0.149211
0.0888111
0
0
0
0.200847
0.510999
0.504805
0.0710083
0.267993
0
0.504746
0.266084
0
1.27457
1.27453
0.510999
0.510999
1.27453
0
0.338603
0
0.174243
0.9732
0.407743
0.00581488
1.27453
0.887318
0
0
0.510999
0.510999
0.249267
0.510999
0.243212
0.665542
0.240821
0.510999
0.510999
0
0
0
0.0493451
0.510999
1.09862
0.40022
0.510999
0
0
0.313023
0.19497
0
0
0.23423
0.510999
0.675109
0.510999
0.452716
0.864976
0.510999
0
0.910511
0
0
0
0.299341
0.691937
0.220694
0.510999
0.0490518
0.642628
0
0
0.31078
0.16328
0.510999
0.374286
0
1.2745
0.505405
0
1.01752
0.274703
0.510999
0
0.271901
0.320928
0.417729
0.377985
0.510999
0
0.371905
0.57789
0.510999
0
0
0
0.510999
0.810188
0
0.510999
0.069119
0.510999
0
0
0
0.0729577
0
0.510999
0.510999
0.247776
0
0.79911
0.510999
0
0.265553
0.0394258
0
1.2745
1.0394
0.510999
0.228215
0
0.157647
0.510999
1.27451
1.27453
0
1.27453
0
0.338922
0
0.510999
0.237846
0.510999
0.510999
0.682372
0
0
0.687608
0.380186
1.27453
0
0.00700994
0.130936
0.183025
0.510999
0
0.510999
0
0.0329413
0.954392
0.299302
0
0.510999
0
0
1.27451
0
0
0
0.446206
0.158204
0
0.510999
0
0.10166
1.27453
0
0.121603
0
0.362908
0
0.368563
0
0.238485
0
0.510999
0.799049
0.510999
0.656017
0.510999
0
0.721335
0.303537
0
0.510999
0.510999
0.510999
0
0
0.510999
0.510999
0.266416
0.510999
0.158045
0.320293
0.142448
0
0
0.174225
0.118773
0.0142308
0.510999
0.332763
0.510999
0
0.270735
0.510999
0
0.510999
0
0.510999
0.811254
0.278236
0.510999
0.510999
0.510999
0.510999
0
0
0.848222
0.88258
0
0.510999
0.510999
0
0.510999
0.271081
0.510999
0
0.17345
0.389892
0.510999
0
0
0.510999
1.07956
1.27453
1.27453
0.885893
0
0.959021
0.510999
0.510999
0.217587
0.293257
0
0
0.411463
0
0
1.27453
0
0.510999
0.3607
0.510999
0
0
0
0
0
0.326333
0.995768
0
0.510999
0.510999
0.510999
0.764716
0.510999
0
0.510999
0.053064
0.225824
0.74569
1.27449
0.0162779
0.217729
0.0837657
0
0.146404
0
0.936967
0.510999
1.27453
0
0.510999
0.732665
1.06441
0
0.262163
0.00653581
0
0
0.510999
0.159304
0
0.510999
0
1.27453
0
0
0.289052
0.234404
0
1.27453
0.510999
0.285651
0
1.27449
0.0162779
0.217729
0.0837657
0
0.146404
0
0.936967
0.510999
1.27453
0
0.510999
0.732665
1.06441
0
0.262163
0.00653581
0
0
0.510999
0.159304
0
0.510999
0
1.27453
0
0
0.289052
0.234404
0
1.27453
0.510999
